# X VX VY VY VZ
-1.020000000000000000e+03 -9.043178759087413532e-01 9.952083603487139385e+00 -6.438028627635799389e-03
-1.010000000000000000e+03 -9.017747324825592381e-01 9.952743630958638121e+00 -8.416244131022003819e-03
-1.000000000000000000e+03 -8.997085897590291204e-01 9.954273978587387717e+00 -1.100905529754216648e-02
-9.900000000000000000e+02 -8.972039439169734454e-01 9.958835538724382985e+00 -1.273876100463539399e-02
-9.800000000000000000e+02 -8.949989660042171336e-01 9.961952370714916682e+00 -1.250092372151110146e-02
-9.700000000000000000e+02 -8.932052965145325096e-01 9.965630497351259720e+00 -1.244083740608453205e-02
-9.600000000000000000e+02 -8.932008782758298349e-01 9.966412613169101320e+00 -9.897375839447771634e-03
-9.500000000000000000e+02 -8.936906050474467955e-01 9.966585242749822271e+00 -9.735564366816643403e-03
-9.400000000000000000e+02 -8.917921110618923786e-01 9.964022152825775080e+00 -8.867655020087378270e-03
-9.300000000000000000e+02 -8.928834522178004107e-01 9.970080874456472841e+00 -1.455948681053138155e-02
-9.200000000000000000e+02 -8.934492804313450831e-01 9.968972436460992625e+00 -1.540565918069439905e-02
-9.100000000000000000e+02 -8.927269579436293290e-01 9.967722947082597429e+00 -1.498210113571485542e-02
-9.000000000000000000e+02 -8.925516593376363605e-01 9.968064710763224312e+00 -1.486853099980752282e-02
-8.900000000000000000e+02 -8.926345654084616443e-01 9.969306525857007273e+00 -1.572596784398408443e-02
-8.800000000000000000e+02 -8.929848370213492315e-01 9.969372894886696201e+00 -1.472483317835282003e-02
-8.700000000000000000e+02 -8.928131086902261204e-01 9.967944314561288266e+00 -1.204746514863034093e-02
-8.600000000000000000e+02 -8.926300006271936649e-01 9.965842586283280014e+00 -9.232998765131620461e-03
-8.500000000000000000e+02 -8.929175647637103141e-01 9.963935002165461796e+00 -7.390098222383105313e-03
-8.400000000000000000e+02 -8.933625063795882504e-01 9.962896588040861090e+00 -7.418999461536923169e-03
-8.300000000000000000e+02 -8.931504528825584543e-01 9.962794294344668344e+00 -8.279815955843903424e-03
-8.200000000000000000e+02 -8.939890411420226002e-01 9.963675072839421887e+00 -8.655242639007834984e-03
-8.100000000000000000e+02 -8.946138454956447106e-01 9.964306713535883375e+00 -9.033028020503918246e-03
-8.000000000000000000e+02 -8.946776455368722347e-01 9.964990988487937074e+00 -9.504573645527598924e-03
-7.900000000000000000e+02 -8.957650375646775132e-01 9.965897845423052459e+00 -1.029100263919600564e-02
-7.800000000000000000e+02 -8.973259276126299699e-01 9.966437215993842358e+00 -1.098699914678713876e-02
-7.700000000000000000e+02 -8.987210969444603403e-01 9.967137825637859549e+00 -1.106233264797276857e-02
-7.600000000000000000e+02 -8.993972178925330185e-01 9.968561620380279820e+00 -1.095396731972005967e-02
-7.500000000000000000e+02 -8.998145410562317092e-01 9.970035908436889471e+00 -1.087268630374271620e-02
-7.400000000000000000e+02 -8.999051992853641657e-01 9.970973049170607894e+00 -1.070954962143442005e-02
-7.300000000000000000e+02 -9.001355103349361064e-01 9.971315760095107450e+00 -1.024356415710317436e-02
-7.200000000000000000e+02 -9.007633651675526210e-01 9.970903906220597079e+00 -9.636009699870979814e-03
-7.100000000000000000e+02 -9.006264051882725274e-01 9.970733351593468186e+00 -8.259854082589385485e-03
-7.000000000000000000e+02 -9.010879198835602955e-01 9.970884174095006713e+00 -6.649731407648893679e-03
-6.900000000000000000e+02 -9.021211046109030018e-01 9.971020498742252158e+00 -5.176350401035244644e-03
-6.800000000000000000e+02 -9.030779540004495454e-01 9.971225070263367130e+00 -3.963625571073274741e-03
-6.700000000000000000e+02 -9.041569227361072603e-01 9.971711085682036568e+00 -2.729536064169066616e-03
-6.600000000000000000e+02 -9.049290382756850493e-01 9.972969379504062815e+00 -2.031099117749142653e-03
-6.500000000000000000e+02 -9.039898392152768691e-01 9.973018905680795854e+00 -1.404181605858878914e-03
-6.400000000000000000e+02 -9.028931869402855304e-01 9.971447114442113957e+00 1.492278499763242819e-04
-6.300000000000000000e+02 -9.024356880841875039e-01 9.969535279270989037e+00 2.269070952665419409e-03
-6.200000000000000000e+02 -9.022294239302225405e-01 9.967925154963225509e+00 3.889641972571447528e-03
-6.100000000000000000e+02 -9.027163378167795127e-01 9.966901427027512028e+00 5.058169872680852441e-03
-6.000000000000000000e+02 -9.038518294503513628e-01 9.966435737097464553e+00 5.353093753807023486e-03
-5.900000000000000000e+02 -9.041391340149120825e-01 9.966083731486204300e+00 4.597595242869169548e-03
-5.800000000000000000e+02 -9.033130977571098841e-01 9.965189589234126899e+00 4.028420519997517706e-03
-5.700000000000000000e+02 -9.025329461040527690e-01 9.962795755537007025e+00 4.139357422754658296e-03
-5.600000000000000000e+02 -9.022436767537280744e-01 9.959507472180398224e+00 4.776569584655570092e-03
-5.500000000000000000e+02 -9.027397962294750888e-01 9.956088014827672694e+00 6.199730836446266068e-03
-5.400000000000000000e+02 -9.041475376532036590e-01 9.955587271313209641e+00 6.139529024739114743e-03
-5.300000000000000000e+02 -9.050744999266101543e-01 9.957928521927154719e+00 3.852899026375731801e-03
-5.200000000000000000e+02 -9.052383515228334954e-01 9.959223922108355609e+00 1.796632583620619760e-03
-5.100000000000000000e+02 -9.056194380325288673e-01 9.959062454964362487e+00 1.102132417637591419e-03
-5.000000000000000000e+02 -9.059454572352527713e-01 9.958151472109118885e+00 1.335215442963218896e-03
-4.900000000000000000e+02 -9.063111820894671489e-01 9.955931562275834423e+00 1.711684620006539590e-03
-4.800000000000000000e+02 -9.074168115592265993e-01 9.956818176198087400e+00 1.020286251745469762e-03
-4.700000000000000000e+02 -9.082649027943343611e-01 9.961679176923398771e+00 9.206419148686357471e-05
-4.600000000000000000e+02 -9.087583198076364388e-01 9.965509744252464941e+00 6.433509829405124295e-05
-4.500000000000000000e+02 -9.096675135555165603e-01 9.968529301713513036e+00 -3.515720051258506185e-04
-4.400000000000000000e+02 -9.100211144411967101e-01 9.970623870591579063e+00 -9.640019667675886472e-04
-4.300000000000000000e+02 -9.102680296220293510e-01 9.971914199729649653e+00 -1.465861537664266785e-03
-4.200000000000000000e+02 -9.105423712041497142e-01 9.971319401000616978e+00 -1.689773325241822289e-03
-4.100000000000000000e+02 -9.104747643546140523e-01 9.968900130519759983e+00 -1.148190940644898449e-03
-4.000000000000000000e+02 -9.103079775590406930e-01 9.965104208540791930e+00 3.014579437157007295e-04
-3.900000000000000000e+02 -9.101521656703409624e-01 9.959774963801319103e+00 2.203885915536177732e-03
-3.800000000000000000e+02 -9.098340030453917482e-01 9.952990687435764983e+00 5.123569452630133587e-03
-3.700000000000000000e+02 -9.088742168747795391e-01 9.948269777100589906e+00 7.108365905584503389e-03
-3.600000000000000000e+02 -9.084751341828398719e-01 9.950772274101794324e+00 5.950144018927673757e-03
-3.500000000000000000e+02 -9.082666882519992990e-01 9.955193126503306900e+00 5.221878027725960526e-03
-3.400000000000000000e+02 -9.090934930809013714e-01 9.958519732734641750e+00 6.169578727158450855e-03
-3.300000000000000000e+02 -9.099985733424653667e-01 9.961431891318216714e+00 7.808400377315558201e-03
-3.200000000000000000e+02 -9.095766400705681543e-01 9.963950279650935826e+00 8.213643387931150383e-03
-3.100000000000000000e+02 -9.112450520911656859e-01 9.965233629658008851e+00 8.130889370911782710e-03
-3.000000000000000000e+02 -9.121341489697789573e-01 9.967010287295400062e+00 7.601512567022215144e-03
-2.900000000000000000e+02 -9.131514919263296060e-01 9.968989316929926403e+00 6.098770621145908899e-03
-2.800000000000000000e+02 -9.138427097430784629e-01 9.970121621308788207e+00 4.336373099619946110e-03
-2.700000000000000000e+02 -9.139957912628321468e-01 9.972795059083328084e+00 2.931527056875366574e-03
-2.600000000000000000e+02 -9.137679059504523194e-01 9.974338477366366362e+00 1.479454606182391881e-03
-2.500000000000000000e+02 -9.134239402299075827e-01 9.975225349656678731e+00 6.795280552188543336e-06
-2.400000000000000000e+02 -9.139137209412618867e-01 9.978553002308352404e+00 -2.810513570389314500e-04
-2.300000000000000000e+02 -9.142172088953015585e-01 9.980470839916765868e+00 -4.859873294139301146e-04
-2.200000000000000000e+02 -9.137206246622038286e-01 9.980326043623424681e+00 -2.256243804981807673e-04
-2.100000000000000000e+02 -9.127134355423890399e-01 9.981256299588117997e+00 3.634036597700027269e-04
-2.000000000000000000e+02 -9.112876164464337458e-01 9.980450131200665709e+00 -6.584284272372126136e-05
-1.900000000000000000e+02 -9.097794228768196767e-01 9.978951706282371603e+00 -1.065054999294185335e-03
-1.800000000000000000e+02 -9.086856142453255680e-01 9.978763620373120702e+00 -2.417656805657667982e-03
-1.700000000000000000e+02 -9.077034856343290103e-01 9.976535756534870458e+00 -3.610067902613439943e-03
-1.600000000000000000e+02 -9.066591446836145263e-01 9.973510750174725104e+00 -4.278674919800842802e-03
-1.500000000000000000e+02 -9.054937912009780598e-01 9.971506630530805992e+00 -4.829467281276662166e-03
-1.400000000000000000e+02 -9.048543334327168175e-01 9.968830067216094548e+00 -4.827277732763717369e-03
-1.300000000000000000e+02 -9.058038019926727413e-01 9.968205301336196200e+00 -4.447889293865257658e-03
-1.200000000000000000e+02 -9.059018923985252547e-01 9.966865272368112372e+00 -3.340984102028910028e-03
-1.100000000000000000e+02 -9.056260875197129634e-01 9.965447736987542271e+00 -2.568976462208747129e-03
-1.000000000000000000e+02 -9.065064182005876381e-01 9.967619265552935204e+00 -3.782852823695680849e-03
-9.000000000000000000e+01 -9.062313734016502753e-01 9.968357674689375614e+00 -4.230629233235281422e-03
-8.000000000000000000e+01 -9.060787551641678039e-01 9.969818728435102528e+00 -4.475462120092159671e-03
-7.000000000000000000e+01 -9.055122080667810103e-01 9.972894860513770610e+00 -6.003876933772404889e-03
-6.000000000000000000e+01 -9.048826389159749795e-01 9.974194365857563582e+00 -5.615604226091008497e-03
-5.000000000000000000e+01 -9.046073148478551706e-01 9.973620381596715490e+00 -4.676498160550113421e-03
-4.000000000000000000e+01 -9.042581570749104181e-01 9.972233449728364008e+00 -4.551796952377715200e-03
-3.000000000000000000e+01 -9.032866235074756833e-01 9.969068723356972583e+00 -4.103844344146949374e-03
-2.000000000000000000e+01 -9.023946016741822840e-01 9.968996628706545238e+00 -4.836518422937191065e-03
-1.000000000000000000e+01 -9.016071944331783827e-01 9.967793521385029720e+00 -5.710120746665911344e-03
0.000000000000000000e+00 -9.000303261319606563e-01 9.964481519106877627e+00 -5.635752550568321785e-03
1.000000000000000000e+01 -8.992031288667178268e-01 9.964684608044263925e+00 -3.107906040582916491e-03
2.000000000000000000e+01 -8.976900744851366021e-01 9.965113359548352534e+00 -1.267747723317010728e-03
3.000000000000000000e+01 -8.966185758812531548e-01 9.964356543184251791e+00 6.237878906540339193e-04
4.000000000000000000e+01 -8.966464398394010660e-01 9.969275214052512268e+00 3.415629461440864247e-04
5.000000000000000000e+01 -8.964368863260522291e-01 9.973390557711679705e+00 -4.547443194171971550e-04
6.000000000000000000e+01 -8.961290384121205488e-01 9.974110532792430206e+00 6.495453579030165386e-05
7.000000000000000000e+01 -8.968157612754493746e-01 9.973053569679265706e+00 8.926864457970133020e-04
8.000000000000000000e+01 -8.987603337866304498e-01 9.972514675528870498e+00 1.452342235324243945e-03
9.000000000000000000e+01 -8.993366599705169273e-01 9.972613105652328613e+00 1.911950394297936033e-03
1.000000000000000000e+02 -8.989649789551317216e-01 9.975426082915857862e+00 2.000336815834008550e-03
1.100000000000000000e+02 -8.985686858021977308e-01 9.978460813763041060e+00 2.414657276270347486e-03
1.200000000000000000e+02 -8.981692938226971679e-01 9.978454836967184605e+00 2.178106671982159119e-03
1.300000000000000000e+02 -8.980110048063306705e-01 9.976750969013107095e+00 1.225604412784111075e-03
1.400000000000000000e+02 -8.981355198826153075e-01 9.975429297951128760e+00 -8.279300396916276393e-04
1.500000000000000000e+02 -8.982776639846757893e-01 9.976383039298852395e+00 -1.790111485308454277e-03
1.600000000000000000e+02 -8.973802129437866704e-01 9.979473606417096576e+00 -8.771610022558650908e-04
1.700000000000000000e+02 -8.967690494611347818e-01 9.983372187131189790e+00 -6.498508250133003998e-04
1.800000000000000000e+02 -8.965109687469544619e-01 9.985821468428483172e+00 -1.433725563891641991e-03
1.900000000000000000e+02 -8.956781266470784653e-01 9.984201506890507005e+00 -2.688491352934098497e-03
2.000000000000000000e+02 -8.952736982204082539e-01 9.979387050821607374e+00 -3.758214322664124758e-03
2.100000000000000000e+02 -8.946649789825731336e-01 9.975835763029929026e+00 -5.324949207595921184e-03
2.200000000000000000e+02 -8.936931177277678273e-01 9.973635436380636321e+00 -7.719014788923872147e-03
2.300000000000000000e+02 -8.920286629930402889e-01 9.971722235756342201e+00 -9.181617090115135396e-03
2.400000000000000000e+02 -8.908312820782965380e-01 9.968156331795846370e+00 -9.461010251034613835e-03
2.500000000000000000e+02 -8.894962255081616531e-01 9.962995372337546840e+00 -9.262715307373110829e-03
2.600000000000000000e+02 -8.877709217350583382e-01 9.958692396786958057e+00 -9.295669933626368384e-03
2.700000000000000000e+02 -8.857160104412352686e-01 9.957225750025546773e+00 -9.465216009681105130e-03
2.800000000000000000e+02 -8.830932039993243388e-01 9.957945093854656093e+00 -9.422826895779055564e-03
2.900000000000000000e+02 -8.808232753985614227e-01 9.957862194178572324e+00 -8.753667451300102889e-03
3.000000000000000000e+02 -8.808110883758277776e-01 9.956417303717691070e+00 -7.592311067748745874e-03
3.100000000000000000e+02 -8.812446173484608236e-01 9.952508344657323036e+00 -5.805670546974732622e-03
3.200000000000000000e+02 -8.799514204108008775e-01 9.948359951190997919e+00 -5.450452385273271347e-03
3.300000000000000000e+02 -8.845541795562203990e-01 9.939381794466124020e+00 -3.047367794065888066e-04
3.400000000000000000e+02 -8.796940531323486079e-01 9.935210640550089067e+00 -2.699449434965366275e-03
3.500000000000000000e+02 -8.741111776642029874e-01 9.933137677388080178e+00 -6.400226798814894619e-03
3.600000000000000000e+02 -8.747130772510220975e-01 9.928874370944360095e+00 -5.240201854227600868e-03
3.700000000000000000e+02 -8.719688424737366272e-01 9.925659213369792511e+00 -5.736719474909710882e-03
3.800000000000000000e+02 -8.703506514070814548e-01 9.923216674737885157e+00 -4.911802251423370673e-03
3.900000000000000000e+02 -8.703834130561836080e-01 9.923941755855249625e+00 -5.331810304423124057e-03
4.000000000000000000e+02 -8.709759752723127413e-01 9.925042398553483025e+00 -5.550144896998042594e-03
4.100000000000000000e+02 -8.718264867682764541e-01 9.925591478734986595e+00 -3.142559206742989112e-03
4.200000000000000000e+02 -8.718765535196534300e-01 9.923179669547998571e+00 2.519422703346672465e-03
4.300000000000000000e+02 -8.733485644526600700e-01 9.928551950989820796e+00 4.348643632854613458e-03
4.400000000000000000e+02 -8.743327188362849389e-01 9.929189772298547823e+00 2.459904583970499731e-03
4.500000000000000000e+02 -8.731926571752216537e-01 9.925413366378412761e+00 4.152539153793845944e-03
4.600000000000000000e+02 -8.728345059731964506e-01 9.926758301678336949e+00 4.124949929694692909e-03
4.700000000000000000e+02 -8.724199323251505822e-01 9.924409556269067068e+00 3.380168476095445854e-03
4.800000000000000000e+02 -8.721941456961135319e-01 9.924642682281433537e+00 3.477700225915762028e-03
4.900000000000000000e+02 -8.717500303424731145e-01 9.922825951860424709e+00 3.440981939360079379e-03
5.000000000000000000e+02 -8.712147542807111567e-01 9.923824608931417046e+00 4.884223200080147799e-03
5.100000000000000000e+02 -8.708208158167723978e-01 9.924141095915796740e+00 6.190835568474702642e-03
5.200000000000000000e+02 -8.708593397955388671e-01 9.925100308913682667e+00 7.721939048593513474e-03
5.300000000000000000e+02 -8.716974498138587713e-01 9.925694541156087070e+00 8.946299674773675742e-03
5.400000000000000000e+02 -8.729110296635397281e-01 9.926993132249291918e+00 1.040662326028317548e-02
5.500000000000000000e+02 -8.738189882336677705e-01 9.928187814463308669e+00 1.180293552856416517e-02
5.600000000000000000e+02 -8.744232090864810791e-01 9.929318985449025803e+00 1.312884555409303197e-02
5.700000000000000000e+02 -8.749360500678918795e-01 9.930130759777366478e+00 1.383522332493193618e-02
5.800000000000000000e+02 -8.758494749452145900e-01 9.930818696674300838e+00 1.396493942030200240e-02
5.900000000000000000e+02 -8.772564724151347137e-01 9.931403133580333886e+00 1.379507255709661907e-02
6.000000000000000000e+02 -8.787798210971968782e-01 9.931748862291177815e+00 1.359181439253267371e-02
6.100000000000000000e+02 -8.799255906101086655e-01 9.932399984244298707e+00 1.368700535593843706e-02
6.200000000000000000e+02 -8.802548500847926505e-01 9.933822024202886070e+00 1.428267279046107480e-02
6.300000000000000000e+02 -8.803554633383591232e-01 9.935132381227861131e+00 1.455830388434250187e-02
6.400000000000000000e+02 -8.803393361101148340e-01 9.936469149601741435e+00 1.503416411491737686e-02
6.500000000000000000e+02 -8.806921210318441329e-01 9.937738625986028751e+00 1.571187004440295631e-02
6.600000000000000000e+02 -8.817189140830581362e-01 9.939149530215432904e+00 1.640379024634332564e-02
6.700000000000000000e+02 -8.832221647360467554e-01 9.940761888762157383e+00 1.700275202849477890e-02
6.800000000000000000e+02 -8.848368002978640456e-01 9.942302012960134050e+00 1.748615204495542960e-02
6.900000000000000000e+02 -8.864403918716716735e-01 9.943576361592223023e+00 1.785193707617369757e-02
7.000000000000000000e+02 -8.877959126367800380e-01 9.944719690700454251e+00 1.800003515104725213e-02
7.100000000000000000e+02 -8.889288074791809047e-01 9.946068763662445633e+00 1.760992573467453151e-02
7.200000000000000000e+02 -8.895205144347210213e-01 9.947835524627691939e+00 1.666763811529796066e-02
7.300000000000000000e+02 -8.889022659675990257e-01 9.950307139175528448e+00 1.570227549338005721e-02
7.400000000000000000e+02 -8.889649903380215656e-01 9.952339185410004063e+00 1.520059465511391407e-02
7.500000000000000000e+02 -8.895151648210808393e-01 9.953986627100395168e+00 1.530179822434108751e-02
7.600000000000000000e+02 -8.906800177752797198e-01 9.955621281639755793e+00 1.587702031415503742e-02
7.700000000000000000e+02 -8.922393823644665378e-01 9.957556501020659923e+00 1.666023479317108730e-02
7.800000000000000000e+02 -8.938405364705841460e-01 9.959678072718462616e+00 1.740615494792222689e-02
7.900000000000000000e+02 -8.951637460467849472e-01 9.961760540787151896e+00 1.792537063230389277e-02
8.000000000000000000e+02 -8.960550602569684608e-01 9.963882154034640948e+00 1.817278087282530805e-02
8.100000000000000000e+02 -8.965592729169602482e-01 9.966117084372942969e+00 1.824032159219393309e-02
8.200000000000000000e+02 -8.970533002936468270e-01 9.968369765266745119e+00 1.835634518081310715e-02
8.300000000000000000e+02 -8.978937229710798329e-01 9.969953166045634418e+00 1.879863387563768945e-02
8.400000000000000000e+02 -8.980281624173879207e-01 9.970396496998839453e+00 1.896478644069125169e-02
8.500000000000000000e+02 -8.974587524106385494e-01 9.970509566939544044e+00 1.846593090790464228e-02
8.600000000000000000e+02 -8.972589182157200138e-01 9.971582558367856564e+00 1.778736206846301057e-02
8.700000000000000000e+02 -8.971520995389019593e-01 9.973558318295776104e+00 1.695121806931246949e-02
8.800000000000000000e+02 -8.970757456037966593e-01 9.976272230035700517e+00 1.614245848469694072e-02
8.900000000000000000e+02 -8.970340761304231858e-01 9.979318862707113880e+00 1.542184920944157482e-02
9.000000000000000000e+02 -8.970532602726590810e-01 9.982604478269315962e+00 1.489853280199671115e-02
9.100000000000000000e+02 -8.973227483534270688e-01 9.985971480693930147e+00 1.459108236704512174e-02
9.200000000000000000e+02 -8.980467701603230823e-01 9.989481520866682729e+00 1.437338788460606163e-02
9.300000000000000000e+02 -8.993567456308543262e-01 9.992952078655880754e+00 1.418090393525045512e-02
9.400000000000000000e+02 -9.011516583679625159e-01 9.996088629852192042e+00 1.399470831726198038e-02
9.500000000000000000e+02 -9.029169875108203902e-01 9.998379875082152424e+00 1.407554943469939771e-02
9.600000000000000000e+02 -9.018914674084325123e-01 9.997080914878445412e+00 1.477054142155101446e-02
9.700000000000000000e+02 -9.005682635625555932e-01 9.996169041610738049e+00 1.519849961257391073e-02
9.800000000000000000e+02 -8.992221411788942076e-01 9.996208983905351175e+00 1.511702272555140100e-02
9.900000000000000000e+02 -8.981242932303875603e-01 9.996946315881617195e+00 1.465933527006718293e-02
1.000000000000000000e+03 -8.974928093092710002e-01 9.998150219532623950e+00 1.406274737135180218e-02
1.010000000000000000e+03 -8.972589975653236793e-01 9.999523670290491495e+00 1.357614168417847766e-02
1.020000000000000000e+03 -8.973092235362736258e-01 1.000089496260712885e+01 1.322267508814532234e-02
