# X VX VY VY VZ
-1.020000000012463374e+03 -1.548120409114127405e+00 8.434262878485798254e+00 1.697149472010550386e-01
-1.010000000012341161e+03 -1.544594513470939567e+00 8.433715667183436793e+00 1.736888372768448374e-01
-1.000000000012218948e+03 -1.540731798295566168e+00 8.435507904080706609e+00 1.763136694877442678e-01
-9.900000000120968480e+02 -1.536610098318825557e+00 8.439690348827090460e+00 1.800361115994824346e-01
-9.800000000119746346e+02 -1.533165995250806990e+00 8.444453073683607869e+00 1.845583006199588705e-01
-9.700000000118524213e+02 -1.531900248074625104e+00 8.449548566519391457e+00 1.856491546523325320e-01
-9.600000000117302079e+02 -1.531864672754674306e+00 8.458144404263746807e+00 1.840960857111725302e-01
-9.500000000116079946e+02 -1.532964167922977961e+00 8.463702723314915133e+00 1.829577552064891866e-01
-9.400000000114857812e+02 -1.536289937735126898e+00 8.464049034002501415e+00 1.819720514560770885e-01
-9.300000000113636816e+02 -1.542500433765915391e+00 8.460055041614957361e+00 1.807101792320040257e-01
-9.200000000112414682e+02 -1.549798379663561709e+00 8.454367473735930005e+00 1.777238595603305438e-01
-9.100000000111192549e+02 -1.558846955296505854e+00 8.451520302153030073e+00 1.736415397518895898e-01
-9.000000000109970415e+02 -1.566275792497870079e+00 8.452110256452694870e+00 1.697531877695964420e-01
-8.900000000108748281e+02 -1.570776938741195838e+00 8.455641327204405755e+00 1.657913876604774350e-01
-8.800000000107527285e+02 -1.574451342224509665e+00 8.464462113442191793e+00 1.655523492026791388e-01
-8.700000000106305151e+02 -1.575468150606770257e+00 8.475395609172521105e+00 1.665027366951839227e-01
-8.600000000105083018e+02 -1.577171193245561875e+00 8.486559087060610906e+00 1.675586525547098360e-01
-8.500000000103860884e+02 -1.580411210983180714e+00 8.497359010022252690e+00 1.697859997788626063e-01
-8.400000000102638751e+02 -1.583961944718067283e+00 8.505273909686014377e+00 1.708794337917315664e-01
-8.300000000101417754e+02 -1.586019077920065135e+00 8.510765498685019637e+00 1.697598688732550043e-01
-8.200000000100195621e+02 -1.586275523391642350e+00 8.517637606503070558e+00 1.686451891005006365e-01
-8.100000000098973487e+02 -1.583321449716937446e+00 8.524037036585855986e+00 1.651678778732962871e-01
-8.000000000097751354e+02 -1.573901871653547779e+00 8.524909848942822777e+00 1.580577960634725609e-01
-7.900000000096529220e+02 -1.563081541134164976e+00 8.525280180735480329e+00 1.522556830041160991e-01
-7.800000000095308224e+02 -1.553541110020538074e+00 8.527921690362122220e+00 1.441488855349406795e-01
-7.700000000094086090e+02 -1.545862383285034225e+00 8.532221490092611660e+00 1.382564197506141734e-01
-7.600000000092863957e+02 -1.543167470379496864e+00 8.537002981576234717e+00 1.356514179747683180e-01
-7.500000000091641823e+02 -1.546307746325929378e+00 8.541644346182975411e+00 1.361004063432266209e-01
-7.400000000090419690e+02 -1.550727692060429597e+00 8.544631516173696539e+00 1.384823972564783456e-01
-7.300000000089198693e+02 -1.553782483259310343e+00 8.546240439010100332e+00 1.377712559614909515e-01
-7.200000000087975423e+02 -1.554263716761801639e+00 8.545413372982975986e+00 1.338562587588964792e-01
-7.100000000086754426e+02 -1.553629884357673241e+00 8.543404453092831474e+00 1.278146482328187672e-01
-7.000000000085532292e+02 -1.555055967819760188e+00 8.539668977338598310e+00 1.274391527202256291e-01
-6.900000000084310159e+02 -1.558662803167754962e+00 8.537964666557087412e+00 1.289167140290639613e-01
-6.800000000083089162e+02 -1.561931794477925628e+00 8.541538269992743793e+00 1.327528753697617969e-01
-6.700000000081865892e+02 -1.565169734955687009e+00 8.546183832628724275e+00 1.389272731696193641e-01
-6.600000000080644895e+02 -1.571140589495891415e+00 8.549395175392771051e+00 1.418890840759725325e-01
-6.500000000079422762e+02 -1.579979071302631377e+00 8.548565374518954485e+00 1.454178607329328077e-01
-6.400000000078200628e+02 -1.591576176079028127e+00 8.545392251975714615e+00 1.498507528905581587e-01
-6.300000000076979632e+02 -1.602363334941867556e+00 8.541804055871104140e+00 1.529656712689728415e-01
-6.200000000075756361e+02 -1.611891568243254191e+00 8.535077530746304930e+00 1.560857924849514966e-01
-6.100000000074535365e+02 -1.621635138337470972e+00 8.528506178052913000e+00 1.590652339088313993e-01
-6.000000000073313231e+02 -1.629975390664786028e+00 8.524463068402155841e+00 1.608790425148183267e-01
-5.900000000072091098e+02 -1.636967104168439935e+00 8.521854568467311708e+00 1.594436327295809808e-01
-5.800000000070868964e+02 -1.643995931174625058e+00 8.519694559631657782e+00 1.555752714252184588e-01
-5.700000000069646831e+02 -1.649735565867404663e+00 8.519297171205705510e+00 1.523585530852936964e-01
-5.600000000068425834e+02 -1.656067449835832539e+00 8.517804370612962472e+00 1.528827657081926472e-01
-5.500000000067203700e+02 -1.663863770854479895e+00 8.516660798316030068e+00 1.548609245168610649e-01
-5.400000000065981567e+02 -1.670962032318684898e+00 8.516922833396236570e+00 1.587900013293249424e-01
-5.300000000064759433e+02 -1.679507509204007709e+00 8.516676912929638021e+00 1.668699240500411407e-01
-5.200000000063537300e+02 -1.688435697845321215e+00 8.514688603566888503e+00 1.737504803495322214e-01
-5.100000000062315735e+02 -1.696594057133830713e+00 8.509527579996719382e+00 1.814117191613961455e-01
-5.000000000061094170e+02 -1.703495212219348742e+00 8.503588665459094642e+00 1.879816912721673505e-01
-4.900000000059872036e+02 -1.708127197912037154e+00 8.499069312597562487e+00 1.927183304512858908e-01
-4.800000000058649903e+02 -1.711774168138232133e+00 8.496269818290656417e+00 1.990232736295172999e-01
-4.700000000057427769e+02 -1.711157158434001957e+00 8.495879218210454553e+00 2.014556733506884245e-01
-4.600000000056205636e+02 -1.707737163975271422e+00 8.495738958541851460e+00 2.021617098452348493e-01
-4.500000000054984639e+02 -1.704182872651478720e+00 8.494972134432231314e+00 2.010229612697237433e-01
-4.400000000053762506e+02 -1.702314279984221024e+00 8.495307002246933692e+00 1.961414218091936668e-01
-4.300000000052540372e+02 -1.701284874986897178e+00 8.496399054449982557e+00 1.929680353109541613e-01
-4.200000000051318239e+02 -1.701165404219295629e+00 8.498912547313226540e+00 1.863015185865958823e-01
-4.100000000050096105e+02 -1.700598528221401340e+00 8.501568904970534746e+00 1.793761472249587874e-01
-4.000000000048875108e+02 -1.700274820012327659e+00 8.504401668899411959e+00 1.744762919808263146e-01
-3.900000000047652975e+02 -1.704488799925179210e+00 8.507991305059359632e+00 1.671167100147532003e-01
-3.800000000046430841e+02 -1.711903725518918451e+00 8.510663856783136083e+00 1.660174283745921575e-01
-3.700000000045208708e+02 -1.718571564069870883e+00 8.513770272653420790e+00 1.666254269823121414e-01
-3.600000000043986574e+02 -1.722964322132030324e+00 8.518627673182029625e+00 1.659030109258806118e-01
-3.500000000042765578e+02 -1.725576372994403362e+00 8.522753370786579907e+00 1.663408283127607024e-01
-3.400000000041543444e+02 -1.730005979188731891e+00 8.523977537124114434e+00 1.634310296435894927e-01
-3.300000000040321311e+02 -1.735557554599928443e+00 8.524356072198711942e+00 1.591103851875673714e-01
-3.200000000039099177e+02 -1.736924840879301879e+00 8.525957235715912574e+00 1.549572132178929917e-01
-3.100000000037877044e+02 -1.736472691669161517e+00 8.529286763499676738e+00 1.508688128771172032e-01
-3.000000000036656047e+02 -1.737037074236838619e+00 8.531488075850264252e+00 1.479966013827904991e-01
-2.900000000035433914e+02 -1.737010439428090303e+00 8.535920413632625880e+00 1.442267785703104654e-01
-2.800000000034211780e+02 -1.736027262498446300e+00 8.544768623145900577e+00 1.398177815120049960e-01
-2.700000000032989647e+02 -1.736113531661183762e+00 8.553240432133964788e+00 1.361605507586475527e-01
-2.600000000031767513e+02 -1.738225609975466490e+00 8.558833714948493210e+00 1.319594508209065709e-01
-2.500000000030545380e+02 -1.743091421370690064e+00 8.563985939386940416e+00 1.308501531104681037e-01
-2.400000000029324383e+02 -1.752258633484432115e+00 8.568673656301870167e+00 1.332521922823644289e-01
-2.300000000028102249e+02 -1.761686005423266144e+00 8.570738124035573335e+00 1.352579002123669438e-01
-2.200000000026880116e+02 -1.769033532601545611e+00 8.572624401820116091e+00 1.380519421925544554e-01
-2.100000000025657982e+02 -1.774666990906671682e+00 8.572275332046197960e+00 1.376759463749224477e-01
-2.000000000024435849e+02 -1.779926283551009680e+00 8.572249089120260734e+00 1.390806646770984534e-01
-1.900000000023214852e+02 -1.785117348116278979e+00 8.573128512751326369e+00 1.423199921059176143e-01
-1.800000000021992719e+02 -1.790132222948846552e+00 8.572219844157920932e+00 1.439006572405445439e-01
-1.700000000020770585e+02 -1.796023286754698356e+00 8.572399338713941219e+00 1.468198457955924296e-01
-1.600000000019548452e+02 -1.802911995755890340e+00 8.571313562548246168e+00 1.476181355889566171e-01
-1.500000000018326318e+02 -1.808166593674898293e+00 8.571208875512512648e+00 1.496222987323520548e-01
-1.400000000017104185e+02 -1.813436032237672135e+00 8.573576233080173026e+00 1.484120555148326359e-01
-1.300000000015883188e+02 -1.819551313550255012e+00 8.576629402147942116e+00 1.456099162427117732e-01
-1.200000000014661055e+02 -1.830338360343070292e+00 8.578762385988957462e+00 1.408664223374803959e-01
-1.100000000013438921e+02 -1.843095859622522426e+00 8.579665701811217460e+00 1.354001130745331183e-01
-1.000000000012216788e+02 -1.853859154834164302e+00 8.578542337434107878e+00 1.305331235758942776e-01
-9.000000000109946541e+01 -1.863362134223498723e+00 8.575945392794894317e+00 1.263559505497280078e-01
-8.000000000097736574e+01 -1.871048838427938676e+00 8.570061477092453472e+00 1.233781856172880553e-01
-7.000000000085515239e+01 -1.875783083265145645e+00 8.561750421686017631e+00 1.210271253912210132e-01
-6.000000000073293904e+01 -1.876603653901165902e+00 8.556361070385998246e+00 1.169959550112077973e-01
-5.000000000061072569e+01 -1.876915671927722684e+00 8.552367175692651813e+00 1.099326380362476985e-01
-4.000000000048851234e+01 -1.879680801995653683e+00 8.548262902254183615e+00 1.032893943453873781e-01
-3.000000000036641268e+01 -1.880988099573051464e+00 8.546866493621731564e+00 1.023900221205151922e-01
-2.000000000024419933e+01 -1.879408992346311758e+00 8.548386206182135183e+00 1.040451360464949015e-01
-1.000000000012198598e+01 -1.875898027814957070e+00 8.548138404477747088e+00 1.018037472286544981e-01
2.273736754432320595e-13 -1.872962380915767167e+00 8.545592651108679050e+00 9.635123189120292642e-02
1.000000000012244072e+01 -1.873990646267184923e+00 8.541369334636080168e+00 9.015333594501828696e-02
2.000000000024454039e+01 -1.877764794927984759e+00 8.536403221646487793e+00 8.482990439660892390e-02
3.000000000036686743e+01 -1.879580119356300205e+00 8.530557204227404711e+00 8.082121356684582314e-02
4.000000000048896709e+01 -1.877397084855282117e+00 8.527042443541033023e+00 7.750253204273115093e-02
5.000000000061106675e+01 -1.873311832830427903e+00 8.525746505878101900e+00 7.456784809287753113e-02
6.000000000073339379e+01 -1.869894190315412263e+00 8.523132256162512022e+00 7.365015446633123297e-02
7.000000000085549345e+01 -1.868956893450165246e+00 8.519401459671831489e+00 7.276592999262897210e-02
8.000000000097782049e+01 -1.869649164047972212e+00 8.514818801375209745e+00 6.871105607225841405e-02
9.000000000109992015e+01 -1.869236152487139258e+00 8.513447101286338636e+00 6.069417161168066260e-02
1.000000000012222472e+02 -1.866573541927513791e+00 8.518809489932083423e+00 5.153677302960990581e-02
1.100000000013443469e+02 -1.864107814163493027e+00 8.525862581676125984e+00 4.126720150123594499e-02
1.200000000014664465e+02 -1.865693267697389635e+00 8.530454787052455856e+00 3.370905824541530621e-02
1.300000000015887736e+02 -1.873125487290045799e+00 8.536450805328088975e+00 2.545681857997178499e-02
1.400000000017108732e+02 -1.879348377398769587e+00 8.541401636597125702e+00 1.333376017843918016e-02
1.500000000018332003e+02 -1.885663049429827876e+00 8.545853385069811736e+00 2.602179940809140266e-03
1.600000000019552999e+02 -1.894586465389713759e+00 8.546838158215384951e+00 -5.027290732961355903e-03
1.700000000020773996e+02 -1.899922363623659294e+00 8.545309950457250281e+00 -8.364107974385349281e-03
1.800000000021997266e+02 -1.908578487211984642e+00 8.540129951634630956e+00 -1.070445547855617026e-02
1.900000000023218263e+02 -1.918953797662983796e+00 8.536327184711161919e+00 -1.194032964614211330e-02
2.000000000024441533e+02 -1.927823816227412834e+00 8.534212075501958594e+00 -1.027935765631119922e-02
2.100000000025662530e+02 -1.932032648620602089e+00 8.533103269707394745e+00 -6.771699814082750811e-03
2.200000000026883527e+02 -1.934506120778965332e+00 8.532538795395250730e+00 -4.166256825219296668e-03
2.300000000028106797e+02 -1.935298862267865294e+00 8.530526746773084312e+00 -3.029589457739999183e-03
2.400000000029327794e+02 -1.934640388367563357e+00 8.528287380045487254e+00 -1.986336421943202604e-03
2.500000000030551064e+02 -1.930297382618159308e+00 8.527996666449293883e+00 -1.230917160901593040e-03
2.600000000031772061e+02 -1.923261677674301673e+00 8.530766251469946937e+00 6.647705768212234557e-04
2.700000000032993057e+02 -1.920802475636136597e+00 8.535947019707377237e+00 2.542413727801309982e-03
2.800000000034216328e+02 -1.921372489434921338e+00 8.539912491521077342e+00 2.290648867857206401e-03
2.900000000035437324e+02 -1.920604530053274805e+00 8.543696934599486426e+00 8.869765379847390462e-04
3.000000000036660595e+02 -1.917641595166951207e+00 8.547809793280865875e+00 -2.061671319673340479e-03
3.100000000037881591e+02 -1.915618165553073515e+00 8.552487029352677794e+00 -1.515469181106911343e-03
3.200000000039102588e+02 -1.914623783314947536e+00 8.558925699261617837e+00 -1.268155921846223682e-03
3.300000000040325858e+02 -1.913340848000784966e+00 8.563236202365438032e+00 -1.675824723987198554e-03
3.400000000041546855e+02 -1.915833681870751981e+00 8.567733970315861924e+00 -3.462565263859492871e-05
3.500000000042770125e+02 -1.919894664831186537e+00 8.571675032108082348e+00 1.960914525286294730e-03
3.600000000043991122e+02 -1.923144055955928966e+00 8.574153351481635710e+00 5.167481416284258611e-03
3.700000000045212118e+02 -1.927892565499269129e+00 8.577060300473238641e+00 7.176578626246412664e-03
3.800000000046435389e+02 -1.934542791938650863e+00 8.578644734784559134e+00 9.292797505295997962e-03
3.900000000047656386e+02 -1.939653543920968337e+00 8.580508774861028698e+00 1.361368921951942694e-02
4.000000000048879656e+02 -1.941505821578423552e+00 8.581952914863856918e+00 1.919593706217167378e-02
4.100000000050100653e+02 -1.943044911446703882e+00 8.582503600783038422e+00 2.418054180435071088e-02
4.200000000051321649e+02 -1.944972861206702541e+00 8.582922651271609027e+00 2.684102433530536486e-02
4.300000000052544920e+02 -1.947632466931781270e+00 8.582002546997776093e+00 2.680053770156052423e-02
4.400000000053765916e+02 -1.951452132082736934e+00 8.581365611982368691e+00 2.602537344142611536e-02
4.500000000054989187e+02 -1.954805630654598225e+00 8.581318924978065255e+00 2.143730432458076235e-02
4.600000000056210183e+02 -1.959066253959028447e+00 8.583607952338823566e+00 1.620496027672405429e-02
4.700000000057433454e+02 -1.963396882062983240e+00 8.585856510642498662e+00 1.381106272377515681e-02
4.800000000058654450e+02 -1.967127505355942496e+00 8.587820167099771140e+00 1.373841965161072716e-02
4.900000000059875447e+02 -1.968606532671511422e+00 8.590190874711721492e+00 1.410233444064393042e-02
5.000000000061098717e+02 -1.968419715406113157e+00 8.591149879323065619e+00 1.126699759794055899e-02
5.100000000062319714e+02 -1.969916836104707913e+00 8.594924457263481088e+00 6.589784675381748363e-03
5.200000000063542984e+02 -1.971822477858019562e+00 8.598608421686076753e+00 2.895657068729144603e-03
5.300000000064763981e+02 -1.971672385687553097e+00 8.600483457886268113e+00 1.829681100282546963e-04
5.400000000065984977e+02 -1.968141056427624713e+00 8.605010660058390215e+00 9.016785311332729379e-04
5.500000000067208248e+02 -1.960997603104873921e+00 8.608506500404978112e+00 1.307223470970417982e-03
5.600000000068429244e+02 -1.952919119660239122e+00 8.613670532955868708e+00 2.008723609096142466e-03
5.700000000069652515e+02 -1.945663105007124249e+00 8.620542284516433895e+00 2.839237047874935884e-03
5.800000000070873512e+02 -1.939391664011994587e+00 8.625554004387073093e+00 5.061825305164194093e-03
5.900000000072094508e+02 -1.936196679908393836e+00 8.630255913397041567e+00 2.850956050524662121e-03
6.000000000073317779e+02 -1.934040295384652275e+00 8.634104304339423663e+00 -1.005928595335733302e-03
6.100000000074538775e+02 -1.934070312995947338e+00 8.637881054205553966e+00 -5.391981630888759321e-03
6.200000000075762046e+02 -1.935838813193665020e+00 8.640068788850195247e+00 -1.211767052395709178e-02
6.300000000076983042e+02 -1.937407772100911529e+00 8.638911276975228759e+00 -1.368150103945687222e-02
6.400000000078204039e+02 -1.940300120238642068e+00 8.638002878979030186e+00 -1.360636489092635452e-02
6.500000000079427309e+02 -1.941932381567510468e+00 8.638270305462272702e+00 -1.203171984735897787e-02
6.600000000080648306e+02 -1.942198502578728059e+00 8.638567256631334956e+00 -8.862931778253353363e-03
6.700000000081871576e+02 -1.942838710285602621e+00 8.641471387658919312e+00 -7.994081941212679079e-03
6.800000000083092573e+02 -1.942191307575657833e+00 8.641744129393165608e+00 -6.216609911505213866e-03
6.900000000084313569e+02 -1.942669486470915530e+00 8.642095337697686119e+00 -5.578918985611725466e-03
7.000000000085536840e+02 -1.943354015281467895e+00 8.642371124215289413e+00 -2.320521687822083012e-03
7.100000000086757836e+02 -1.943240359555746144e+00 8.642960197571772696e+00 5.224749656629727040e-03
7.200000000087981107e+02 -1.942837498305167054e+00 8.650173360804922496e+00 1.028983665639542945e-02
7.300000000089202103e+02 -1.941072229754204237e+00 8.659673340354233417e+00 1.549172692449525199e-02
7.400000000090425374e+02 -1.939865268394921349e+00 8.668494323009825919e+00 1.536354860958871749e-02
7.500000000091646370e+02 -1.938961109664795179e+00 8.676946584728190359e+00 1.139257054499620558e-02
7.600000000092867367e+02 -1.938734295031765864e+00 8.685280155823981829e+00 7.607611043052861857e-03
7.700000000094090638e+02 -1.938812233824501741e+00 8.685905350034548889e+00 4.688994015221301798e-03
7.800000000095311634e+02 -1.937756085669059436e+00 8.687341082241015755e+00 2.146448856069734217e-03
7.900000000096534905e+02 -1.935726664443883749e+00 8.688778025409080286e+00 1.128918968381073187e-04
8.000000000097755901e+02 -1.935380252452127303e+00 8.688472343923104191e+00 -1.686027288720873480e-03
8.100000000098976898e+02 -1.937061087480721255e+00 8.692550901658457008e+00 -4.163127211037578011e-03
8.200000000100200168e+02 -1.937439903706760447e+00 8.692802390257833522e+00 -4.033584012325152832e-03
8.300000000101421165e+02 -1.937323275331099381e+00 8.693056636179585794e+00 -5.385061062054803151e-03
8.400000000102644435e+02 -1.938118059326874532e+00 8.693431173244452026e+00 -7.911412019032936296e-03
8.500000000103865432e+02 -1.937299175586391309e+00 8.687537815018172793e+00 -6.358137521338949258e-03
8.600000000105086428e+02 -1.936629561853003834e+00 8.684852462487889113e+00 -4.760835147990861473e-03
8.700000000106309699e+02 -1.937003558835317607e+00 8.679072457327393408e+00 -1.579235444670035182e-03
8.800000000107530695e+02 -1.937144904616231678e+00 8.672934429712270799e+00 9.921466315249251929e-04
8.900000000108753966e+02 -1.936652984092529062e+00 8.669412288719529514e+00 3.713443458027093982e-03
9.000000000109974962e+02 -1.936003033135012652e+00 8.662562659537838883e+00 5.392115382787302132e-03
9.100000000111195959e+02 -1.935099072774539186e+00 8.658444317353575670e+00 5.572934437179680352e-03
9.200000000112419229e+02 -1.932918220722134484e+00 8.652964467695220208e+00 6.382532887823435218e-03
9.300000000113640226e+02 -1.932321835006024946e+00 8.647480521465650938e+00 6.120128295248692535e-03
9.400000000114863496e+02 -1.933152997793035066e+00 8.643085340433705355e+00 7.600854260137831185e-03
9.500000000116084493e+02 -1.935998759208148234e+00 8.635344419319256559e+00 7.514545132476727583e-03
9.600000000117305490e+02 -1.940222997637054414e+00 8.628167871904993902e+00 6.338086764549285580e-03
9.700000000118528760e+02 -1.944214746540331662e+00 8.620819090465207779e+00 6.722349264339045304e-03
9.800000000119749757e+02 -1.949215049439168235e+00 8.614168263568034334e+00 7.009300384757340997e-03
9.900000000120973027e+02 -1.952364656949008515e+00 8.606514464569064771e+00 8.526645270823625042e-03
1.000000000012219402e+03 -1.954430192377137665e+00 8.598789352201420044e+00 1.252636634564953041e-02
1.010000000012341502e+03 -1.956480889201194451e+00 8.591019534741498376e+00 1.700992346588126383e-02
1.020000000012463829e+03 -1.959315237634887685e+00 8.581977603322989978e+00 1.994463840891752202e-02
