# X VX VY VY VZ
-1.020000000000000000e+03 -1.517635205270001952e+00 7.616197431771269066e+00 -3.752624498391978619e-02
-1.010000000000000000e+03 -1.515528332136027556e+00 7.634635415601048969e+00 -4.098691022532668232e-02
-1.000000000000000000e+03 -1.512776816440633665e+00 7.649290504651756528e+00 -4.305239474495869273e-02
-9.900000000000000000e+02 -1.510211573275356933e+00 7.670809004160417111e+00 -4.838217130488120521e-02
-9.800000000000000000e+02 -1.507033205360621020e+00 7.686114040330900288e+00 -5.255600876143320249e-02
-9.700000000000000000e+02 -1.505319264027180193e+00 7.708726523574411793e+00 -5.874072786962925702e-02
-9.600000000000000000e+02 -1.501392848830794824e+00 7.724460014252620965e+00 -6.327262105764235034e-02
-9.500000000000000000e+02 -1.499226040368870416e+00 7.744801062665453983e+00 -6.985221003060811118e-02
-9.400000000000000000e+02 -1.494808690335651002e+00 7.763983566835634065e+00 -7.346703518851473158e-02
-9.300000000000000000e+02 -1.490950745122948229e+00 7.780795202582267756e+00 -7.802274680697805775e-02
-9.200000000000000000e+02 -1.486275447130606331e+00 7.800456342270523535e+00 -8.173148326059470614e-02
-9.100000000000000000e+02 -1.482848457916061014e+00 7.815803903164540323e+00 -8.787145879483544697e-02
-9.000000000000000000e+02 -1.479323114779338644e+00 7.837066094034384811e+00 -9.461872954999414609e-02
-8.900000000000000000e+02 -1.476228089301803825e+00 7.851748271005339674e+00 -1.001803950634629348e-01
-8.800000000000000000e+02 -1.473746741532833360e+00 7.871324149091714517e+00 -1.065113890223338827e-01
-8.700000000000000000e+02 -1.472801385046843103e+00 7.885408017677587367e+00 -1.098243051340228038e-01
-8.600000000000000000e+02 -1.470750237218486633e+00 7.901323946503348239e+00 -1.153439968600012688e-01
-8.500000000000000000e+02 -1.471833534632240426e+00 7.913356139895314278e+00 -1.175438884057533329e-01
-8.400000000000000000e+02 -1.468901434830549801e+00 7.925823946376818974e+00 -1.235876076903857507e-01
-8.300000000000000000e+02 -1.472038543499453844e+00 7.934523669610729968e+00 -1.222837139568986181e-01
-8.200000000000000000e+02 -1.472783392166595373e+00 7.948319246877677990e+00 -1.270875450099068216e-01
-8.100000000000000000e+02 -1.478318900081610598e+00 7.946396790979409097e+00 -1.201897584268788455e-01
-8.000000000000000000e+02 -1.479387463388639468e+00 7.954662318019930289e+00 -1.192965318260374857e-01
-7.900000000000000000e+02 -1.481222070966512927e+00 7.951416166426079180e+00 -1.157529057531918454e-01
-7.800000000000000000e+02 -1.480668461205678854e+00 7.958201253329097113e+00 -1.140812225900137561e-01
-7.700000000000000000e+02 -1.480872655621332745e+00 7.954470058194106130e+00 -1.101094520309942454e-01
-7.600000000000000000e+02 -1.481311541072945159e+00 7.959435499058591823e+00 -1.081893557885861973e-01
-7.500000000000000000e+02 -1.482164858167831722e+00 7.955497302104022950e+00 -1.012981256030001109e-01
-7.400000000000000000e+02 -1.482616811177382754e+00 7.956883367645738225e+00 -9.944148987311235421e-02
-7.300000000000000000e+02 -1.483812000573571099e+00 7.954814461539642778e+00 -9.141230177144818447e-02
-7.200000000000000000e+02 -1.486462747733899192e+00 7.953422704692878042e+00 -8.917374537738750884e-02
-7.100000000000000000e+02 -1.487996981619948089e+00 7.956082628153712477e+00 -8.518901268860816500e-02
-7.000000000000000000e+02 -1.490131005719914192e+00 7.953661302456254134e+00 -7.796699097575277015e-02
-6.900000000000000000e+02 -1.492242238798299647e+00 7.955887300396223161e+00 -7.072453985265024501e-02
-6.800000000000000000e+02 -1.492054713231796725e+00 7.953360218941031512e+00 -6.025368139311373245e-02
-6.700000000000000000e+02 -1.493137046488239417e+00 7.950656441165100397e+00 -5.137737136190315829e-02
-6.600000000000000000e+02 -1.492507917378807614e+00 7.949961086042880432e+00 -4.380778681200186292e-02
-6.500000000000000000e+02 -1.492666862947758188e+00 7.943760263565518898e+00 -3.556397008064341586e-02
-6.400000000000000000e+02 -1.491311352598436724e+00 7.942388378921205749e+00 -2.840260932821968287e-02
-6.300000000000000000e+02 -1.490690223150541227e+00 7.937875550914686329e+00 -2.186300357602882424e-02
-6.200000000000000000e+02 -1.490692353422055527e+00 7.933881920123899256e+00 -1.317430547613498981e-02
-6.100000000000000000e+02 -1.490077133695628220e+00 7.929260526308960166e+00 -7.458865755422518229e-03
-6.000000000000000000e+02 -1.492563205476470811e+00 7.925313840195429727e+00 1.190377596876117166e-03
-5.900000000000000000e+02 -1.493239051284692254e+00 7.920257692109186287e+00 9.713566605001392601e-03
-5.800000000000000000e+02 -1.497019368726114630e+00 7.917279278505779061e+00 1.736303557904282993e-02
-5.700000000000000000e+02 -1.501116370484385287e+00 7.915591249664571727e+00 2.577683382544534302e-02
-5.600000000000000000e+02 -1.503801130359103011e+00 7.913853636530522095e+00 3.333123578648450325e-02
-5.500000000000000000e+02 -1.508342124136238915e+00 7.914743383901925000e+00 4.094466450265457635e-02
-5.400000000000000000e+02 -1.510765998590237524e+00 7.916855089677755863e+00 4.807745783938671691e-02
-5.300000000000000000e+02 -1.514841404387684998e+00 7.917458399702383076e+00 5.544145726735223018e-02
-5.200000000000000000e+02 -1.518293194260233347e+00 7.919630162503741744e+00 6.407128351445998127e-02
-5.100000000000000000e+02 -1.520540436513761806e+00 7.915761831772257118e+00 7.173507444365609387e-02
-5.000000000000000000e+02 -1.523827640147560336e+00 7.912165549233939110e+00 8.167419093037785183e-02
-4.900000000000000000e+02 -1.526510010639709369e+00 7.904963189981681460e+00 9.100585949881472014e-02
-4.800000000000000000e+02 -1.528772181304851818e+00 7.894231821268376414e+00 1.005184753393859043e-01
-4.700000000000000000e+02 -1.532217530134712513e+00 7.886138046279946856e+00 1.102111902778462882e-01
-4.600000000000000000e+02 -1.534406658508058685e+00 7.885575382901874875e+00 1.123382936456512465e-01
-4.500000000000000000e+02 -1.534073670236806741e+00 7.884803936958970638e+00 1.142429968621477415e-01
-4.400000000000000000e+02 -1.537048065679311293e+00 7.884184256806289426e+00 1.127759920126334692e-01
-4.300000000000000000e+02 -1.537031364835859115e+00 7.892469206746402399e+00 1.106023584139044641e-01
-4.200000000000000000e+02 -1.534341986385843182e+00 7.885886879189109244e+00 1.104743804173582006e-01
-4.100000000000000000e+02 -1.531751838460616133e+00 7.900131596550199475e+00 1.091861726579958364e-01
-4.000000000000000000e+02 -1.523270728237635874e+00 7.890327434106882087e+00 1.141572470242691317e-01
-3.900000000000000000e+02 -1.522922285215583704e+00 7.892364519276044987e+00 1.061790334726889218e-01
-3.800000000000000000e+02 -1.520744420820235643e+00 7.897428945300195124e+00 1.073482941036019711e-01
-3.700000000000000000e+02 -1.519132032381189656e+00 7.901576834507766378e+00 1.061106892678163049e-01
-3.600000000000000000e+02 -1.517812038957699450e+00 7.906904734742354890e+00 1.045066691278096760e-01
-3.500000000000000000e+02 -1.516756642758377627e+00 7.914250921553257712e+00 1.010198152485700801e-01
-3.400000000000000000e+02 -1.515331395033637341e+00 7.922172768360482564e+00 9.686955719339881976e-02
-3.300000000000000000e+02 -1.513936549965796852e+00 7.930023198148589358e+00 9.247419958451104371e-02
-3.200000000000000000e+02 -1.512825214506626770e+00 7.938496848400888872e+00 8.887204716144823935e-02
-3.100000000000000000e+02 -1.511832180367392198e+00 7.947304209006132325e+00 8.677806902418133683e-02
-3.000000000000000000e+02 -1.510150786011947188e+00 7.954087392662388289e+00 8.516056161034593619e-02
-2.900000000000000000e+02 -1.505281631172344481e+00 7.956129316422707376e+00 8.298251611517860893e-02
-2.800000000000000000e+02 -1.498892306106921479e+00 7.958162709124635192e+00 8.324056331520932051e-02
-2.700000000000000000e+02 -1.491038766159582751e+00 7.959756907853009267e+00 8.604246244090493767e-02
-2.600000000000000000e+02 -1.480404305532158959e+00 7.958401634786819834e+00 9.175291314547789900e-02
-2.500000000000000000e+02 -1.468663503532370962e+00 7.962809631948720934e+00 9.384587653280616892e-02
-2.400000000000000000e+02 -1.458339534069338583e+00 7.967316005091177544e+00 9.208838127623988901e-02
-2.300000000000000000e+02 -1.451910957886991538e+00 7.972309874337064173e+00 8.825412977846863738e-02
-2.200000000000000000e+02 -1.448697149847832266e+00 7.975798672049925209e+00 8.554788944098599968e-02
-2.100000000000000000e+02 -1.448088242240944234e+00 7.976079007125369102e+00 8.487184915052134460e-02
-2.000000000000000000e+02 -1.448295531026788430e+00 7.973112166749166008e+00 8.332965766618921633e-02
-1.900000000000000000e+02 -1.448320056794712762e+00 7.966383353840872594e+00 8.130423992580126935e-02
-1.800000000000000000e+02 -1.449412245385761189e+00 7.959798112331919917e+00 8.203744124871505117e-02
-1.700000000000000000e+02 -1.447740400899570901e+00 7.952053483808432688e+00 8.600892490822877046e-02
-1.600000000000000000e+02 -1.441851532554918158e+00 7.937545766454285001e+00 8.973139955983330807e-02
-1.500000000000000000e+02 -1.434004817741943327e+00 7.919443187210013058e+00 9.186703296916294559e-02
-1.400000000000000000e+02 -1.428205120581557575e+00 7.904317908839302298e+00 9.301678728652282291e-02
-1.300000000000000000e+02 -1.420753280484181369e+00 7.890249400809713265e+00 9.424917136489122105e-02
-1.200000000000000000e+02 -1.414089911674422995e+00 7.873912533172502393e+00 9.873238507900575223e-02
-1.100000000000000000e+02 -1.406705847733153325e+00 7.847204887933899364e+00 1.065395550645564654e-01
-1.000000000000000000e+02 -1.394843527685028395e+00 7.808682787607277298e+00 1.150402105265766334e-01
-9.000000000000000000e+01 -1.381588740184045649e+00 7.751423657739817230e+00 1.190100534207872846e-01
-8.000000000000000000e+01 -1.361929238451336843e+00 7.681351426425421458e+00 1.250950804076532419e-01
-7.000000000000000000e+01 -1.334642026923244407e+00 7.590034116918989326e+00 1.294734525479176723e-01
-6.000000000000000000e+01 -1.306826218013461771e+00 7.475517790529393025e+00 1.254029243109887060e-01
-5.000000000000000000e+01 -1.281056680918711832e+00 7.343266339652289254e+00 1.274575785045594378e-01
-4.000000000000000000e+01 -1.254096120092210054e+00 7.186484182385864727e+00 1.357608366945768641e-01
-3.000000000000000000e+01 -1.226847851362399489e+00 7.022823793200569042e+00 1.411971732058250606e-01
-2.000000000000000000e+01 -1.214253889071519099e+00 6.889070174869635466e+00 1.444074136744753212e-01
-1.000000000000000000e+01 -1.194376679798101915e+00 7.141181437325963444e+00 1.635406309624829191e-01
0.000000000000000000e+00 -1.201555207406429959e+00 7.282025650094480440e+00 1.162007647864178317e-01
1.000000000000000000e+01 -1.257579275665794638e+00 7.253772443501937062e+00 1.029108658014830924e-01
2.000000000000000000e+01 -1.263591048310367837e+00 7.219366662460243944e+00 1.334752766372874488e-01
3.000000000000000000e+01 -1.225608892406157668e+00 7.049516518123585485e+00 1.422881360562758268e-01
4.000000000000000000e+01 -1.177982514518449042e+00 6.792309371867549572e+00 1.410294821420749467e-01
5.000000000000000000e+01 -1.132072190987252203e+00 6.517103351768809283e+00 1.496843762270960998e-01
6.000000000000000000e+01 -1.088541736106059421e+00 6.251660272292536291e+00 1.404082061795436653e-01
7.000000000000000000e+01 -1.052131560988186498e+00 6.004903083296864175e+00 1.230974345432122724e-01
8.000000000000000000e+01 -1.022852437519215840e+00 5.776511309265356608e+00 1.110445735720374388e-01
9.000000000000000000e+01 -9.884185855702208867e-01 5.570632796861101355e+00 1.086065869826753350e-01
1.000000000000000000e+02 -9.713943089730125990e-01 5.383161808785755120e+00 1.006584824292647146e-01
1.100000000000000000e+02 -9.594794005607892862e-01 5.231775236964704590e+00 1.012706125821917075e-01
1.200000000000000000e+02 -9.589099842296961995e-01 5.106980168367083017e+00 1.026753037401953034e-01
1.300000000000000000e+02 -9.511017691734114932e-01 5.002822088358975350e+00 1.053162509311632578e-01
1.400000000000000000e+02 -9.460709756985284935e-01 4.928360801503476551e+00 1.032719066596867047e-01
1.500000000000000000e+02 -9.487431609456926651e-01 4.863171888037471469e+00 9.559504690255694881e-02
1.600000000000000000e+02 -9.523576994454912015e-01 4.827156161886918539e+00 1.027724338460326570e-01
1.700000000000000000e+02 -9.815735111251581158e-01 4.796931364299728884e+00 1.488353586035417730e-01
1.800000000000000000e+02 -1.005163603406435291e+00 4.774854182937773750e+00 1.644333703389884993e-01
1.900000000000000000e+02 -1.023594084590146114e+00 4.783028506134911595e+00 1.643525569312043189e-01
2.000000000000000000e+02 -1.054694855874000359e+00 4.806178012185752912e+00 1.963894982063991435e-01
2.100000000000000000e+02 -1.068085899583705256e+00 4.856085621015376219e+00 2.160145641756057999e-01
2.200000000000000000e+02 -1.098774440114225204e+00 4.940056688363691606e+00 2.240409133145635501e-01
2.300000000000000000e+02 -1.151326311989624207e+00 5.037262911279115407e+00 2.221304068657401209e-01
2.400000000000000000e+02 -1.195358979522505249e+00 5.115869929301870123e+00 2.200102771132243784e-01
2.500000000000000000e+02 -1.243660964604009544e+00 5.190687213317923820e+00 2.165008880054687668e-01
2.600000000000000000e+02 -1.279004517113617734e+00 5.255895326107875576e+00 2.194675912842154464e-01
2.700000000000000000e+02 -1.302981963402271015e+00 5.318713208434383333e+00 2.172851423075586597e-01
2.800000000000000000e+02 -1.301463578527809917e+00 5.384759320424737261e+00 2.073007471858906992e-01
2.900000000000000000e+02 -1.318442614435711313e+00 5.461805978681097962e+00 2.099947176508642488e-01
3.000000000000000000e+02 -1.343589881906692263e+00 5.549185009040150440e+00 2.140389814584849615e-01
3.100000000000000000e+02 -1.362794673721418270e+00 5.626026151788177110e+00 2.162458387871755983e-01
3.200000000000000000e+02 -1.391346564261173757e+00 5.712937166705859049e+00 2.249112882264850399e-01
3.300000000000000000e+02 -1.406725587268074618e+00 5.788189108491490487e+00 2.332773418514192953e-01
3.400000000000000000e+02 -1.427545256653086847e+00 5.861638256925239432e+00 2.422936455853101634e-01
3.500000000000000000e+02 -1.436580449289325712e+00 5.926746019103407370e+00 2.490010592467908901e-01
3.600000000000000000e+02 -1.455358143387007530e+00 5.988960408077783626e+00 2.547831669160722790e-01
3.700000000000000000e+02 -1.467128408533298067e+00 6.053100719250131156e+00 2.600285328901865145e-01
3.800000000000000000e+02 -1.482119508379627915e+00 6.109319226308850048e+00 2.648430432492024922e-01
3.900000000000000000e+02 -1.494884194723941961e+00 6.175910458563242500e+00 2.670232330074920335e-01
4.000000000000000000e+02 -1.511383924079068519e+00 6.229959982327713419e+00 2.700990132279644240e-01
4.100000000000000000e+02 -1.522176209565922367e+00 6.291752993694158747e+00 2.679357322132385755e-01
4.200000000000000000e+02 -1.536846320578093561e+00 6.345362537680577120e+00 2.696343941462650551e-01
4.300000000000000000e+02 -1.548895144686433190e+00 6.401369837702439725e+00 2.595842612749978406e-01
4.400000000000000000e+02 -1.563422800642755517e+00 6.451022079316437008e+00 2.551602391658646107e-01
4.500000000000000000e+02 -1.576448111932468699e+00 6.500514464877575449e+00 2.366837362485529062e-01
4.600000000000000000e+02 -1.589324024594059415e+00 6.546154740820700368e+00 2.241517769137716387e-01
4.700000000000000000e+02 -1.600031723990365196e+00 6.594196099419501245e+00 2.050522821501115645e-01
4.800000000000000000e+02 -1.608134378389839414e+00 6.636162639537704244e+00 1.901838359998351824e-01
4.900000000000000000e+02 -1.616695375443552241e+00 6.680215399392086972e+00 1.768842800174518504e-01
5.000000000000000000e+02 -1.627365325673084673e+00 6.723008097509254100e+00 1.620066484498992321e-01
5.100000000000000000e+02 -1.634431902948680015e+00 6.759957045570930134e+00 1.535609341495270119e-01
5.200000000000000000e+02 -1.647276745147810972e+00 6.802576597495033184e+00 1.402202237800458384e-01
5.300000000000000000e+02 -1.648430391099680259e+00 6.832353701898647103e+00 1.385949329376619799e-01
5.400000000000000000e+02 -1.659818698033580509e+00 6.870199066172449243e+00 1.274324537027760884e-01
5.500000000000000000e+02 -1.661534064890947127e+00 6.894934573124856136e+00 1.265714373643253010e-01
5.600000000000000000e+02 -1.669884607503725471e+00 6.926458869995949286e+00 1.194750616751373284e-01
5.700000000000000000e+02 -1.666279753637787131e+00 6.945002991408480320e+00 1.211390763277801902e-01
5.800000000000000000e+02 -1.663540539013596664e+00 6.972247416126997166e+00 1.220249096809905565e-01
5.900000000000000000e+02 -1.654956051258658967e+00 6.993382508101612771e+00 1.283561264313926309e-01
6.000000000000000000e+02 -1.649970223256404189e+00 7.015487618271768255e+00 1.327369263330191451e-01
6.100000000000000000e+02 -1.640188420081199805e+00 7.037315571109588497e+00 1.353429775773396238e-01
6.200000000000000000e+02 -1.634202141857416191e+00 7.055431083607711429e+00 1.415961707527238489e-01
6.300000000000000000e+02 -1.624389395065746200e+00 7.072540513351127878e+00 1.448142462846146172e-01
6.400000000000000000e+02 -1.618016841091429958e+00 7.086791931104224673e+00 1.484650431518215463e-01
6.500000000000000000e+02 -1.609784083053195536e+00 7.096144987677417859e+00 1.510456292092341168e-01
6.600000000000000000e+02 -1.605797437995068355e+00 7.110757794430255352e+00 1.510480953935827153e-01
6.700000000000000000e+02 -1.601351339867921331e+00 7.113042512935209949e+00 1.557773384709860987e-01
6.800000000000000000e+02 -1.606288316183182685e+00 7.130285767972804223e+00 1.542896995706132535e-01
6.900000000000000000e+02 -1.606322659487473103e+00 7.140132015262830478e+00 1.616671031181749763e-01
7.000000000000000000e+02 -1.614736431272132178e+00 7.165710062047786266e+00 1.617165240005954685e-01
7.100000000000000000e+02 -1.618599795653943074e+00 7.180827696998654197e+00 1.649845961108451498e-01
7.200000000000000000e+02 -1.630659818372184544e+00 7.206672430416595887e+00 1.680943079820682862e-01
7.300000000000000000e+02 -1.636033019456148763e+00 7.226060295661352662e+00 1.690921777614938226e-01
7.400000000000000000e+02 -1.646594560110679728e+00 7.251145846013747231e+00 1.746505908183603739e-01
7.500000000000000000e+02 -1.652908991116619930e+00 7.271953055169342761e+00 1.753568512624557041e-01
7.600000000000000000e+02 -1.660665798372799262e+00 7.297769041212513130e+00 1.820933794393571892e-01
7.700000000000000000e+02 -1.668154509373529049e+00 7.318918514866856739e+00 1.856590437852622122e-01
7.800000000000000000e+02 -1.675170752348055236e+00 7.343876910098243727e+00 1.947409545480827398e-01
7.900000000000000000e+02 -1.684302187301891296e+00 7.366408778445699745e+00 2.015356775490877717e-01
8.000000000000000000e+02 -1.687950270250773377e+00 7.389668385219340330e+00 2.080937596931114741e-01
8.100000000000000000e+02 -1.693911212642753572e+00 7.414447454822900241e+00 2.110937676465847734e-01
8.200000000000000000e+02 -1.694935840714676178e+00 7.437579747087844417e+00 2.108234773960671882e-01
8.300000000000000000e+02 -1.695999621519886702e+00 7.461995536088166681e+00 2.123944763785735046e-01
8.400000000000000000e+02 -1.698253679315753217e+00 7.487444117282734624e+00 2.089319139907548362e-01
8.500000000000000000e+02 -1.696769532177718975e+00 7.510281817358248624e+00 2.061210947869200893e-01
8.600000000000000000e+02 -1.694514552015263353e+00 7.532763148718740531e+00 2.035386963511634784e-01
8.700000000000000000e+02 -1.689882502071064385e+00 7.555633457715089207e+00 1.991899387046439096e-01
8.800000000000000000e+02 -1.682392258062741064e+00 7.573242959201327729e+00 1.962878742500337170e-01
8.900000000000000000e+02 -1.674138563820150472e+00 7.592652007849450158e+00 1.922424312468504481e-01
9.000000000000000000e+02 -1.667166867742957637e+00 7.607377739412383377e+00 1.873239117827054656e-01
9.100000000000000000e+02 -1.660844197028932712e+00 7.622485399216529345e+00 1.819767086036908899e-01
9.200000000000000000e+02 -1.660373346128532823e+00 7.642595764673488112e+00 1.796286405011327247e-01
9.300000000000000000e+02 -1.658672611502168381e+00 7.662493512749259494e+00 1.751256778508644141e-01
9.400000000000000000e+02 -1.655895974065539233e+00 7.689906936110582514e+00 1.682677041764274739e-01
9.500000000000000000e+02 -1.655399924823379276e+00 7.707137055899368150e+00 1.592459722206424899e-01
9.600000000000000000e+02 -1.652007359448816937e+00 7.735081592490902658e+00 1.463155668427942313e-01
9.700000000000000000e+02 -1.650572317047805271e+00 7.757724161503875671e+00 1.363961012066561840e-01
9.800000000000000000e+02 -1.647796320729243424e+00 7.785205808539254591e+00 1.233698255317659531e-01
9.900000000000000000e+02 -1.644081453462550524e+00 7.811913911097295937e+00 1.094056486999489958e-01
1.000000000000000000e+03 -1.645322525415869430e+00 7.837727160288026518e+00 1.009532815821424789e-01
1.010000000000000000e+03 -1.646993880253527776e+00 7.869918842666870695e+00 8.145225051725149545e-02
1.020000000000000000e+03 -1.651890573777230919e+00 7.893068162938973842e+00 7.619956856492808572e-02
