# X VX VY VZ StdX StdY StdZ WSPD TKE
-2048.0000000001273 -0.9060587391718262 9.911234421911537 -0.02698756779618304 0.49771429298657627 0.6929596684800619 0.3539463956188516 9.965403654023135 0.8533956087224657
-2027.4170854270762 -0.9006001043678777 9.9090079761115 -0.02376093341702872 0.4925856453925788 0.6888728628934486 0.35034778349772705 9.962499282624428 0.8400783223862648
-2006.834170854476 -0.8976149790300025 9.904156274262787 -0.021927809200967065 0.49136106849449185 0.6825967719943229 0.34510684999242336 9.957383840671007 0.8265153941538146
-1986.2512562814245 -0.8998271613088964 9.902858410537862 -0.020305746715036703 0.49067866379522607 0.6755440286026524 0.3406256126593182 9.956257119771543 0.8133085077018315
-1965.6683417088245 -0.9030021657983187 9.90168780813506 -0.01740256565109969 0.4884498366004082 0.6694615565299383 0.3373838813803333 9.955268407413744 0.8008564096448169
-1945.085427135773 -0.9050185512165831 9.90056738704785 -0.012957373594095028 0.4862390158845352 0.6650875059607397 0.33437198288968994 9.954227465405964 0.7908251062919343
-1924.5025125627096 -0.905156274964089 9.899361071766458 -0.009051722608375128 0.4842454547756576 0.660882935346977 0.330944070169475 9.952937172792376 0.7809293391993855
-1903.9195979901215 -0.9033911145481013 9.897402737126429 -0.0062095842264143115 0.48296497249180814 0.6561530280880195 0.3262579595523198 9.950753125370994 0.7702463437315322
-1883.33668341707 -0.9035212910454485 9.901577299565098 -0.006049844439721069 0.4829918725683683 0.653765373711954 0.3238841483287532 9.954915213664641 0.7656967374812673
-1862.7537688444697 -0.9030148920811382 9.903710489307858 -0.005813019665238311 0.4830892537406852 0.6500681318404116 0.32216821375170446 9.957001396391782 0.7599178581186992
-1842.1708542714184 -0.9022707177067468 9.904454338287337 -0.00511851904708294 0.4832238945068269 0.6470040378626268 0.32055572814513905 9.957683176137804 0.7550507185652294
-1821.5879396988182 -0.9017733631819422 9.904346022785738 -0.004300348711728841 0.48347670313190494 0.6457906242212789 0.3190098083062944 9.957537528473527 0.7526857797409214
-1801.005025125767 -0.9022686503932924 9.906198092478284 -0.003232076551582753 0.4836051121304799 0.6465722814299126 0.3174124718773846 9.95942989421603 0.7527554563625775
-1780.4221105527154 -0.9060853702325844 9.917757059155786 -0.0034498809319670758 0.4832627696034242 0.6496130626821375 0.3188388811094842 9.971286718597531 0.757754495070303
-1759.8391959801152 -0.9087361225623023 9.927218365537884 -0.0038775246035742854 0.48345211381296904 0.6532193781095342 0.32104289529204705 9.980980728653158 0.7644452891936306
-1739.2562814070636 -0.9100260796809345 9.933275016268972 -0.0050775109767298154 0.48464669337078187 0.658261350658028 0.3235886254853609 9.987209971426868 0.7739478775948092
-1718.6733668344636 -0.9105028801206391 9.93581970329285 -0.00715382891332301 0.48640557482346203 0.6622776329419999 0.3273030533838404 9.98989803539596 0.7828972581797492
-1698.090452261412 -0.9125360998257035 9.938877450862257 -0.009385903468055007 0.48759075180924794 0.6622384486994483 0.3305018304774701 9.993217205046586 0.7859732776836833
-1677.507537688349 -0.9167743942690507 9.94573536540034 -0.010314043856166376 0.48794985670194274 0.662783956807174 0.33354671107522177 10.00047545514095 0.7902739006772902
-1656.9246231157606 -0.9191756332341453 9.94873300077562 -0.010103908146327077 0.48838132442175963 0.664464582041748 0.3381703699991364 10.003727015978502 0.7967467778127075
-1636.341708542709 -0.9196584755589275 9.9478607052862 -0.010225755724464668 0.48892388908602563 0.66627716351159 0.3434084436646851 10.002965020128562 0.8028756225881946
-1615.758793970109 -0.9187188983830483 9.945135056645253 -0.010388011274818133 0.49050593406925885 0.6665979567796667 0.3487623648415085 10.000285886994774 0.8072366179610465
-1595.1758793970573 -0.9176456190299092 9.947931324268746 -0.009613915964761792 0.49198022145992204 0.6656409540323517 0.3522248646890983 10.003076324502139 0.8102590401304185
-1574.5929648239942 -0.9193848828670814 9.95262667452479 -0.0075869617789265705 0.49174130663435556 0.6691900458384117 0.3559337911094056 10.007909110210731 0.8188284900400195
-1554.010050251406 -0.9244368734775018 9.953229022093293 -0.004943235913656785 0.4921481664107474 0.673937001315462 0.3605753257808774 10.009007836904619 0.8291624029768752
-1533.4271356783427 -0.9292347153974341 9.951435734346543 -0.0050235422065562675 0.4922032561978438 0.6763001763140913 0.36350211334299554 10.007678105088543 0.8335070147002674
-1512.8442211057543 -0.9327329037298583 9.950088276408618 -0.007004085153369239 0.49297746683530425 0.6738359057547294 0.3677990446047196 10.006709713771144 0.8326662084584393
-1492.2613065327027 -0.9357984147812266 9.955525944101247 -0.0073395075099332695 0.4930437418528133 0.6749166192563509 0.3701814142772417 10.012396846400401 0.8372324273206773
-1471.6783919601028 -0.9379556799335436 9.961596383033582 -0.007621229788101484 0.49314980207840564 0.6810426531706916 0.37088800687055146 10.018633010956757 0.8471627062905824
-1451.0954773870512 -0.93835915882466 9.966040808515572 -0.00814878426350217 0.4953823749674523 0.6875130422347245 0.3715638447735955 10.023203330004169 0.8583645689685511
-1430.5125628139879 -0.9395275254992854 9.969490334220392 -0.008633258168836908 0.4968097544091384 0.6910062365849111 0.37373276481004997 10.02682679348757 0.8650570406362776
-1409.9296482413997 -0.942250489917603 9.973078234658388 -0.009820057057947633 0.49921530936884706 0.6889302729477942 0.37580809091525874 10.030789340882814 0.865107108935289
-1389.3467336683364 -0.9449095478897627 9.976726542478785 -0.007984090888980371 0.5025443101101953 0.691296491790246 0.3773239020913164 10.03482703654711 0.8739833355803395
-1368.7638190957482 -0.9458029966817867 9.979791793029696 -0.007579571687780505 0.5045231554171753 0.6964968914057028 0.37882227295119997 10.038073428468685 0.8846358270492882
-1348.1809045226967 -0.9433865854566821 9.98268176423841 -0.008492262046678526 0.5045441634480033 0.7016967198437599 0.38060172893509736 10.040765074425371 0.8928378879961625
-1327.5979899496333 -0.9393286159640124 9.98566078305743 -0.010560262182589101 0.508408065573842 0.7048252728742251 0.38285096916880124 10.043592112673538 0.9022238493118121
-1307.015075377045 -0.9374268358027718 9.988148658999854 -0.012702053078056266 0.5134616646440022 0.7056822183350042 0.3841547288582074 10.046175736526008 0.9092756061706724
-1286.4321608039818 -0.9366043654069863 9.988600655224085 -0.010501159048809267 0.5170373151567801 0.709721158423873 0.3834520368580679 10.046746343149183 0.9183793299638743
-1265.8492462313936 -0.9359910074646204 9.989257581984806 -0.008747266421987036 0.5207467712434928 0.7139176577365598 0.3839711477543186 10.047561292616193 0.9286550309202235
-1245.2663316583419 -0.9377677937541159 9.98873525286465 -0.008102128756292407 0.5235091372094173 0.716121186596566 0.38522279086387373 10.047382294835572 0.9355990102941676
-1224.6834170852785 -0.9401452786926023 9.988347775546558 -0.00835694007181451 0.5263454988686287 0.7168903062806757 0.3865480833981384 10.04741106680606 0.9405508932040746
-1204.1005025126904 -0.9427457150775872 9.988508183985513 -0.008129352342709097 0.5286838245597492 0.7167770644266244 0.3869218254632997 10.047985774630813 0.9430730723913195
-1183.517587939627 -0.9480227509112145 9.986648719754218 -0.0070919120294534385 0.5280840056106275 0.7170334791143415 0.3862555698868907 10.046645888333389 0.9424753085668005
-1162.9346733670388 -0.9553079465741452 9.985227790193154 -0.006641605044408603 0.5269460668510583 0.715783768580237 0.3869348980895856 10.045931888235854 0.9400992522406764
-1142.3517587939755 -0.9616512985391696 9.98433514141446 -0.006881253954131238 0.5267494282428626 0.7128690188949434 0.3889422555881521 10.045713588895563 0.9372497274523649
-1121.7688442213873 -0.9640587084460636 9.983937534135908 -0.008308704836946791 0.5289530361097071 0.7081302281379098 0.39161405665421334 10.045733517105225 0.9347411066172782
-1101.1859296483358 -0.963165518871586 9.980459417726065 -0.008387879946790947 0.5326825718292189 0.7072872477647787 0.390185977253739 10.042414016751435 0.9363952432416944
-1080.6030150752724 -0.9622432635032456 9.975167329502053 -0.006757855657253606 0.5339315022276802 0.7080121676494796 0.3876861698912055 10.03712205936771 0.9369015196820201
-1060.020100502684 -0.9622066278769239 9.969948264504538 -0.004900987088424475 0.534115467150875 0.7067364673268177 0.38728478131334326 10.031942465613653 0.9350036894079204
-1039.437185929621 -0.9630642383720279 9.964462075470813 -0.0024901065836749553 0.533790424835521 0.7034307233186241 0.3889946895442864 10.026576690916427 0.9312911792375564
-1018.8542713570326 -0.9651284027369565 9.958932435419666 0.0011971981334696455 0.5327265981669658 0.6975826030022388 0.39236640641152076 10.021269783832846 0.9244310181977465
-998.2713567839693 -0.9681625007680937 9.952352084258838 0.006359664679429407 0.5308745425073678 0.6985097935688215 0.39013752709213667 10.014941355359788 0.9221446843337946
-977.6884422109177 -0.9714807295594263 9.94575706980823 0.010943282615526564 0.5294083464304239 0.7007055608717785 0.38798136131106165 10.008648468621061 0.9220188498724153
-957.1055276383295 -0.9742632871900907 9.939792908375097 0.014884106193289675 0.5281976425403468 0.7008663167086688 0.3876057852990868 10.002954939313703 0.920617685233388
-936.5226130652661 -0.9761279144332957 9.934570879420193 0.018447389878028773 0.5270898649439962 0.6979400885933515 0.3884979130701989 9.997918087231012 0.9159815886776141
-915.9396984926778 -0.977010585165894 9.930587941858628 0.02228972622644957 0.5264387716857386 0.6913657030050282 0.3896706004582143 9.994037254516362 0.9069702608475155
-895.3567839196146 -0.977279324307294 9.927673803405062 0.025904567616290744 0.5268723624076148 0.6901754957834898 0.38386801817500416 9.991154458313101 0.9014435407688155
-874.7738693465631 -0.9769053094501625 9.926440445414276 0.028590606232111772 0.5267724908661491 0.6876770152946252 0.3802934255423419 9.989859299348822 0.895132845512427
-854.1909547739748 -0.9764675162556379 9.925856155881535 0.02882893416136115 0.5266722343380467 0.6834367786222402 0.3794010102745086 9.98920938903227 0.8884717281333663
-833.6080402009115 -0.977621327221272 9.92232903927048 0.027587978687019718 0.5288746427650158 0.6787341799022689 0.38012420462807045 9.98593265131077 0.8849057414038802
-813.0251256283233 -0.981142640760318 9.91559606991509 0.028747900404515973 0.5334478058498275 0.6797206111264329 0.37815751877776743 9.979863259260576 0.8896348476010202
-792.4422110552599 -0.985120015589872 9.90681639276491 0.03048236007809305 0.5375187497390227 0.6897998583036914 0.37580769908910144 9.971771548683922 0.9060808774805469
-771.8592964826718 -0.9888184337298382 9.898159749634914 0.029672366741138993 0.5414160945384247 0.6986865814618554 0.3738857027285661 9.963756866823164 0.9211547493076431
-751.2763819096084 -0.9963747842851278 9.884910317248305 0.02653884522154574 0.5548572045036883 0.711674448305039 0.3803216569301336 9.952111531984103 0.9591194496333523
-730.6934673365569 -1.0000323311022172 9.87862287018534 0.020224797215845 0.5594033385906861 0.715726980170557 0.3817725880506963 9.946456432198003 0.9710596231554746
-710.1105527639686 -1.0036016521462174 9.871591570025174 0.014380877338979768 0.5631082610560922 0.7230939857343703 0.38348522899194004 9.940014068558742 0.9870391501621261
-689.5276381909053 -1.0059874825766528 9.863049012105451 0.009222510389413055 0.5671926276092842 0.7334613734873118 0.384006106656205 9.93198899288155 1.0071872715645185
-668.9447236183171 -1.0077573990269793 9.854020688507578 0.0037825204708194994 0.572994661829047 0.7409521185294281 0.3842799090979235 9.923520720945023 1.0251196438802912
-648.3618090452537 -1.0086223547036663 9.846134567106626 -0.0015163794806298753 0.5800937919886684 0.7457635048075413 0.38543684233658426 9.91617081969112 1.0414018825589406
-627.7788944722022 -1.0086051078299105 9.840308168654603 -0.006528477898110263 0.588340493646155 0.7482177851238795 0.3879326211119145 9.910843968795973 1.0565598905496412
-607.1959798996021 -1.005599296902654 9.837571994389315 -0.008783149092863929 0.598019969659298 0.7527468761760262 0.3897996381105411 9.90840772221499 1.0762587961542351
-586.6130653265507 -1.001351801275948 9.837064212324929 -0.010316917456330808 0.6084959742261777 0.7564332169254282 0.3907494911466638 9.908117920361956 1.0953382298265777
-566.0301507539624 -0.9970856401393405 9.836468930702214 -0.013331781685645843 0.6201723461990474 0.7587202329213705 0.39259939877827943 9.907791200572607 1.1146782405832056
-545.447236180899 -0.9940964119465259 9.83586281791491 -0.01755205505187256 0.6299074628295018 0.7612761559413903 0.39633652921640194 9.907456505037157 1.1335781951412165
-524.8643216078475 -0.9953077194393387 9.83671471366536 -0.02426215264164237 0.6376287427943366 0.762845587666252 0.40104286936006805 9.908914369107507 1.149373022930999
-504.2814070352475 -0.998533104518776 9.832795520163312 -0.025874115221878886 0.6466953866751972 0.7694611947448495 0.4033566981647484 9.90605877812132 1.1730615612148827
-483.698492462196 -1.0027009621270944 9.824931958729358 -0.026973614639785745 0.6502258950041444 0.7812480903807961 0.40481245598138177 9.899046634222353 1.197232943541802
-463.11557788959595 -1.0044605033643288 9.81973073113749 -0.03053120872883665 0.6490498858790898 0.7897880135683423 0.4044744691841673 9.894018150229655 1.2090915025270825
-442.5326633165444 -1.0043713710265558 9.821215620431403 -0.036249797617969454 0.6471088183988664 0.7909175367521881 0.4044782892342529 9.895385252389303 1.20841923935408
-421.94974874395615 -1.0056316233252487 9.831272409426314 -0.04714682733349891 0.6530218902373571 0.7995955324903435 0.41603213307713555 9.905979559572923 1.2388857522039838
-401.36683417089284 -1.0059917362273632 9.824447781552767 -0.04696035744664825 0.6440904765230298 0.8047828985665333 0.4219619591057512 9.89860351681095 1.2411751854648032
-380.78391959784136 -1.0051203355186638 9.81839808652095 -0.04774963202344968 0.6376048884631436 0.805060730913037 0.42444871623212854 9.892070225116992 1.2362311774911758
-360.2010050252413 -1.0011391707046253 9.81482133139686 -0.04934677687165176 0.6343994593864356 0.8041240803272869 0.423955582986372 9.887903213996415 1.2304071628327877
-339.6180904521898 -0.9945340700193482 9.814375852946192 -0.05213411226783398 0.6321851551485344 0.8057290199826886 0.4268178613369416 9.886598971308269 1.231901962422405
-319.0351758796015 -0.9877827866520694 9.810472502318888 -0.057776724719545425 0.6267581793587712 0.8107008823657645 0.4306245983225867 9.881554847926528 1.2357924526147412
-298.4522613065382 -0.9806714898963156 9.79343367033224 -0.05618739870978017 0.6223437754043288 0.817284239686695 0.4301557074051729 9.863536051359413 1.241771816135497
-277.8693467334867 -0.9720105481768764 9.781364705582794 -0.05168283972236738 0.6186326440639772 0.8209739060810579 0.4301079340551657 9.850359199114306 1.243951927212095
-257.28643216088665 -0.9626810647780406 9.77594401991576 -0.04802241634667779 0.6127081185886796 0.8236624145977692 0.429972696434469 9.843547187787038 1.2407289673475534
-236.70351758783514 -0.9516676339382315 9.77123646410119 -0.04983991435651125 0.6087497370059662 0.8304601746922609 0.4262833860895855 9.837440494615295 1.2427589554479932
-216.12060301523508 -0.940610476974304 9.763264063892446 -0.05156067779187215 0.6077133906343033 0.8398319313386098 0.4298906872406064 9.828346261002231 1.2603371106324066
-195.53768844218357 -0.9292242093326233 9.754585760713159 -0.04689949090662566 0.6127328928915243 0.8407161105768468 0.4371725497022897 9.818900753519259 1.2754449567984927
-174.95477386913203 -0.9138294015652701 9.74080137708768 -0.04432253010297501 0.6225738339145247 0.8448342271875025 0.44006076917151415 9.804308316210104 1.2966463796975944
-154.371859296532 -0.8985342966616898 9.724380847275667 -0.04423562098886092 0.6335991392906216 0.854187274053572 0.4434131269369888 9.787212854595793 1.3284459399182904
-133.78894472348048 -0.8850057127156598 9.71179458969756 -0.044664797665401976 0.64458887759563 0.8615766189478377 0.44559340304187334 9.774106453321178 1.3565290575844944
-113.20603015088041 -0.877584464423872 9.708690249163919 -0.03909009114910584 0.6532378255578444 0.861529382261132 0.45132216493869565 9.770808511963507 1.3728040560796984
-92.62311557782888 -0.8730922186464907 9.70622054355696 -0.031864411893575854 0.6569814293406137 0.8597037981747346 0.46163023499905453 9.768097106183506 1.3839362576423686
-72.04020100522885 -0.868222621872926 9.703051522642557 -0.02856270956714633 0.6580644860908194 0.8558826099973069 0.47019425735260867 9.764513521529905 1.3867419813149406
-51.45728643217733 -0.8639448409277828 9.6981447335447 -0.030165610462259376 0.6593252288506297 0.8503651285068246 0.47231211688249874 9.759271121158065 1.3810645553060932
-30.87437185912581 -0.8617735599154673 9.6954806315187 -0.03372003376537889 0.6649752891241972 0.8416013279023742 0.4703031117639905 9.756746806057967 1.3717312018950596
-10.291457286525759 -0.8570165633996905 9.692435818239131 -0.028127464247626438 0.6672238803299653 0.8425738209868793 0.47326201200145757 9.753454588111227 1.3792474040454172
10.291457286525759 -0.8528683554835188 9.684882607901034 -0.02164234891410306 0.6689687152447124 0.8425571070835057 0.4786746486909091 9.745663674197349 1.3868258041100978
30.87437185912581 -0.8503967311810348 9.672618342255525 -0.01482177364603762 0.6723178520710248 0.8358299097539066 0.4883292852504884 9.733429857247565 1.3894102342114956
51.45728643217733 -0.84861820777138 9.657323851461772 -0.007263079896855179 0.6788154914836245 0.8292772110551004 0.4974124050818145 9.718473854117793 1.396091465458323
72.04020100522885 -0.8495212436744332 9.648356141780203 -0.00278713656892075 0.689207456825401 0.8246908856939313 0.5083404662446666 9.710317099485033 1.4135518875190447
92.62311557782888 -0.8534305399570312 9.663108462509044 0.004057599860079948 0.6922234350221265 0.8207258987861519 0.5188078370883045 9.725498498246635 1.4221879784869351
113.20603015088041 -0.8565580517464677 9.67315152480148 0.009548603144274595 0.694756240525409 0.8198116062681197 0.5240311678871942 9.735976745495481 1.4298734762917467
133.78894472348048 -0.8587897352837214 9.676677470308949 0.012366807959963397 0.6933249540567061 0.8214492761102657 0.5249934379970222 9.739552544067724 1.4314008790967319
154.371859296532 -0.861560210983918 9.67846166249447 0.016060876540752562 0.6909325000417795 0.8204926161922806 0.5309986634370437 9.74133656406079 1.4327003653683925
174.95477386913203 -0.8685748030069413 9.682146117596583 0.020329568080097043 0.6916152883227665 0.8220740705337619 0.5398288627831676 9.745628507879625 1.4456490519251974
195.53768844218357 -0.8788079231049355 9.690467990153326 0.021517148395970388 0.6895102123565019 0.8298340863185101 0.5463741807651554 9.754680890360703 1.4629717327059095
216.12060301523508 -0.887859954138505 9.695133862251211 0.023022965218641483 0.6864091839372777 0.8331415375375464 0.5492870308305962 9.759871052081536 1.4675244778122685
236.70351758783514 -0.8937134531593558 9.68479332791638 0.02999809438652466 0.6821360832085479 0.8431595519495994 0.5516133643264122 9.749767826206583 1.4809387756827146
257.28643216088665 -0.8957928759282449 9.663915001447265 0.03880658022429613 0.6813998221910015 0.8664390979429757 0.5553834511908405 9.729174662962675 1.5236738490465946
277.8693467334867 -0.8982996529875017 9.653933883684228 0.0352564111636917 0.6880328415547186 0.8834046795228949 0.5573721077406275 9.719859253268886 1.5648157486478411
298.4522613065382 -0.8984424690089973 9.645596106857933 0.030619157519036877 0.6943212965085485 0.8920916068219962 0.5668837686281614 9.71204074022781 1.599944355971497
319.0351758796015 -0.8979994504273412 9.634386542014443 0.030188122427258275 0.6918222376479588 0.8983130851869617 0.5710521182327658 9.700739102849012 1.612793713718183
339.6180904521898 -0.9000111797310343 9.632416476320259 0.027856349592874037 0.6920023348074302 0.8928533430280159 0.5668784911116254 9.698967136580304 1.5985383099031794
360.2010050252413 -0.9018041519807719 9.624557187431542 0.024042219446764632 0.6978161963055836 0.8859421751180064 0.5664454460644933 9.69177968628478 1.5928911437063296
380.78391959784136 -0.8940519788043898 9.613022799542497 0.024468811272338853 0.7023588945083481 0.8899639696664794 0.5768777515697556 9.680061705061355 1.618360783950087
401.36683417089284 -0.8877764921155997 9.610894879862684 0.027084915712322744 0.7076841029008449 0.893879128734844 0.57749197446114 9.677840411452014 1.6337314903292461
421.94974874395615 -0.8853243876512422 9.612880552460144 0.029825663759379305 0.7130457336110572 0.8882006017150874 0.5744696292846992 9.68008246274459 1.6275855099831056
442.5326633165444 -0.8847975034071017 9.604949765247577 0.036446685283569036 0.7169548248918668 0.888308432065053 0.5820368479293795 9.672573981318331 1.6425415051254144
463.11557788959595 -0.8809829110233078 9.604211579576306 0.04189622811924005 0.6808451148157803 0.8544448977877962 0.5452205948276553 9.668916018842944 1.4909478894065367
483.698492462196 -0.8819123405862197 9.615394490052465 0.04302273797242426 0.6833970428653905 0.8403116126792229 0.5346189668167473 9.680474990827932 1.4590874469605357
504.2814070352475 -0.8809272081176869 9.62157690168788 0.044204758392000575 0.6857380635828715 0.8376549148299923 0.5325509154509976 9.686793458922773 1.455769379313263
524.8643216078475 -0.8829313817458894 9.62198995073227 0.042302559776660704 0.6840927173049562 0.8400783346868103 0.536827515772955 9.68732233504593 1.4622038333059528
545.447236180899 -0.883836935488921 9.61616059790468 0.04447092416566399 0.683309775644635 0.8436043333606058 0.542249301009346 9.681601314542938 1.472765998580045
566.0301507539624 -0.8804570881407567 9.606551386498424 0.05422487256113789 0.6846982371190162 0.8477843268957361 0.5435137439127473 9.67187077430247 1.4829920855532734
586.6130653265507 -0.8820346759514841 9.602785837079415 0.059196137646464426 0.6830704336090793 0.8481572142592622 0.5360647960094732 9.668125971308534 1.4734499757878106
607.1959798996021 -0.88823847616968 9.59579864853352 0.06005288685105937 0.6812155658993013 0.8491173272230078 0.5360751517485237 9.66166273810372 1.4725902309526293
627.7788944722022 -0.8938271933615475 9.589234868909237 0.06407258179934759 0.6771547913200682 0.8523486091890132 0.5406877775035072 9.655472332979276 1.4776498689686228
648.3618090452537 -0.9029343050895471 9.58237193467276 0.07085034574482965 0.6771242522087547 0.8571051592466765 0.5432403299657587 9.649613665469658 1.4883428759604262
668.9447236183171 -0.9143813997893702 9.57398403990706 0.0718411066479325 0.6801541024543032 0.8611807030969691 0.5420976739232528 9.642661760614239 1.4982423623735501
689.5276381909053 -0.9241693094063774 9.567282856251667 0.06562514963675185 0.6751920369725107 0.8676301885053195 0.537274372642926 9.636624135687656 1.497668586086659
710.1105527639686 -0.9322794213794844 9.5594461384032 0.063318828008018 0.6725400002883015 0.8732011475919867 0.5310101092003553 9.629479030518791 1.4970316459557007
730.6934673365569 -0.9392222294350077 9.550088727848715 0.0656857241589911 0.672009045108817 0.8742778568634416 0.5253551224892247 9.620860915105565 1.492130561764708
751.2763819096084 -0.9451881731385955 9.541603334654578 0.06797551953503615 0.6730369737863928 0.8763770909619383 0.5237755122888161 9.613111029226374 1.4954131316310793
771.8592964826718 -0.9486117773193739 9.544030747479317 0.06372713417132614 0.6763405464242371 0.8778528503040244 0.5266790044489591 9.616086665437042 1.5055441879356732
792.4422110552599 -0.9502636261014947 9.552190291085878 0.057233627808029555 0.6814162577413151 0.8773477457968494 0.527103288979393 9.624712913194564 1.5121509225319216
813.0251256283233 -0.9499340280573627 9.553389961581463 0.05388765027015115 0.687530775493254 0.8733489984837262 0.5254121480816794 9.626290296978286 1.5118984131893232
833.6080402009115 -0.9486210643113231 9.549985316721251 0.05394842210901606 0.6903830322016461 0.8629952120608801 0.526559240642219 9.622937946050794 1.4990693397593398
854.1909547739748 -0.9466519377269783 9.541981640958737 0.056735241896818285 0.6909740542575338 0.8532788373519267 0.5302474839947674 9.61476767966543 1.4868054686816028
874.7738693465631 -0.9504343306618932 9.542508621436276 0.05546126685584295 0.6917143196726914 0.8532169969127006 0.5314945064881579 9.615726508464777 1.488968739299171
895.3567839196146 -0.9554651972433631 9.549947858595278 0.05177382951786887 0.6935259123883868 0.8512165760006161 0.53059407578042 9.623772002300235 1.487210581965031
915.9396984926778 -0.9575328098178063 9.55746882764993 0.047524844799234994 0.6957309892296053 0.8463527027705755 0.5312295701590656 9.631608368321805 1.48279400942032
936.5226130652661 -0.9578968636550159 9.560399139771494 0.041030948220125846 0.6985186903093593 0.8390107454307164 0.5319218972332496 9.63477291210916 1.4749712872310874
957.1055276383295 -0.9597465817851343 9.560057797195014 0.035502434322968 0.7030675231634825 0.8274373175883044 0.5301330188364453 9.634948567014353 1.4600184994730023
977.6884422109177 -0.9638840479831039 9.577867779249654 0.03225035503995669 0.7040131516750829 0.8271725470556507 0.5308960971683773 9.653106307658938 1.462257478045918
998.2713567839693 -0.9699261467519187 9.592848457477857 0.03026388118798417 0.6997985471355275 0.8339266367866207 0.5350049040381536 9.668295886928805 1.4722440720087646
1018.8542713570326 -0.972443907575109 9.604778280819243 0.03040382529875111 0.6925555347304823 0.8402097974722008 0.5431625650858556 9.679869007748685 1.4813492876487588
1039.437185929621 -0.9725031896235391 9.614344809559404 0.033151917253189486 0.683487504882571 0.8426874904491257 0.5522401061292534 9.68868105423828 1.4827025598516634
1060.020100502684 -0.9749438813224252 9.62075591482209 0.034939517779932455 0.67652108083885 0.8429110027094435 0.5609128851664664 9.694657000438974 1.482842043927688
1080.6030150752724 -0.9805069408602451 9.625122872982026 0.028778575121915496 0.6779585422956317 0.8484110873680764 0.5589888940474055 9.699646195080668 1.4922984884680481
1101.1859296483358 -0.9856236523394049 9.629865159944561 0.024506921782769017 0.6793728134402688 0.8530814957206527 0.5614609107087438 9.70505756423257 1.5054314179266934
1121.7688442213873 -0.9856939387128745 9.63547757937609 0.02081085416174121 0.6803804803972657 0.85592142377709 0.5661826423895737 9.710811796536962 1.517018178941128
1142.3517587939755 -0.9810410713840769 9.641325939846856 0.017130260191132334 0.6807683956143191 0.8537534064245207 0.5640424645963418 9.716266491483106 1.5108529416655314
1162.9346733670388 -0.9764637528343584 9.646827306558334 0.011889698981784963 0.6805547769184834 0.8450667443415548 0.5580525115535105 9.721288442958537 1.4890209958879432
1183.517587939627 -0.97408109440118 9.649107965139015 0.008892465181505056 0.6771486283725626 0.8412974842095362 0.5596464614168619 9.723050148646047 1.480829423559137
1204.1005025126904 -0.9731015815476505 9.649080208145056 0.007341265485357612 0.6663906399080219 0.8399577703637167 0.5593823040101569 9.72210800105817 1.4641673245820688
1224.6834170852785 -0.9706955033100995 9.647648099994303 0.004831447689740058 0.6554395426325497 0.8416171901141047 0.5535021868312691 9.71959131174754 1.4454911343973698
1245.2663316583419 -0.9685043846346171 9.646390752089731 0.001880214502654391 0.6476509745617894 0.8421459271860068 0.5428206613499547 9.717432335987123 1.4236517315907498
1265.8492462313936 -0.9640317053565277 9.642998666591316 0.0029642312779577396 0.6437164889633868 0.8352393323022032 0.5310887831276757 9.713176220248915 1.3943096713655496
1286.4321608039818 -0.9554422786622023 9.635028032454246 0.005367641999403446 0.6384368927965295 0.8304367145924931 0.5265335211600672 9.703971417135538 1.3752226685715163
1307.015075377045 -0.9465344386242057 9.625597834810735 0.007702966439000307 0.6330909473277156 0.8270636137393794 0.5259519091779461 9.693319987629035 1.3621773866233078
1327.5979899496333 -0.9391403617720162 9.617740435440176 0.012157684998425382 0.6293283545575885 0.8193143266110241 0.5277350473589473 9.684500247961145 1.3461703821529463
1348.1809045226967 -0.9373500094974611 9.614707048071102 0.01751978657981762 0.630731391845985 0.8062666086076641 0.5291864406156933 9.68132904373886 1.3279802375190273
1368.7638190957482 -0.937391034562044 9.611003060873967 0.019963923068918137 0.6315034597298826 0.7989052995183566 0.5247569645197899 9.6776788587294 1.3125521524530672
1389.3467336683364 -0.9357530285988657 9.601211873374996 0.0224747428204026 0.6276756225642234 0.7955285495359755 0.5206615100025994 9.6675626520595 1.298141672265597
1409.9296482413997 -0.9313722852782692 9.590872518866853 0.024237563613124347 0.6254155051197989 0.7911433243354105 0.5169101898109592 9.656767216653376 1.2844252866173547
1430.5125628139879 -0.9283084508642125 9.585317594759443 0.02237078528591462 0.6250270880828057 0.785941092579939 0.5094225954505026 9.650981697009286 1.267977201181853
1451.0954773870512 -0.929812026975976 9.583422040021363 0.01800233278592283 0.6271538704390919 0.782404951088128 0.49887306384826363 9.649460334738539 1.2543685268801776
1471.6783919601028 -0.9254866621981194 9.577785397045123 0.017621291389405772 0.6305341718878107 0.7912477896646859 0.4942082297163837 9.643854893264978 1.268052802651706
1492.2613065327027 -0.9185148369179983 9.57365105483281 0.0199290744619024 0.6434890592269122 0.8031871541850523 0.4968607227093021 9.640116301088726 1.306372840135949
1512.8442211057543 -0.9110355655247131 9.571939265821873 0.02314357800295953 0.6599519854908643 0.8091271013695891 0.5059739320192298 9.638951313307018 1.3462976031019576
1533.4271356783427 -0.9050440450413195 9.570290838658002 0.026500125063565 0.6686371876685706 0.8024616993026792 0.507317327091001 9.637487158505188 1.3484574877437974
1554.010050251406 -0.899646820083448 9.5665579919261 0.030962243489663234 0.6775924551405097 0.7995672938468545 0.5118758187473835 9.633978916371033 1.3605369195117776
1574.5929648239942 -0.8961323349656338 9.568226403810243 0.03286545174087714 0.6811721260306857 0.8085716824515421 0.5207918663206528 9.635643020692918 1.3892699921803122
1595.1758793970573 -0.8915348241981045 9.576236293102848 0.031521357028888156 0.6850474035411093 0.816783384278186 0.5278967156802825 9.643543918565756 1.4153331850610504
1615.758793970109 -0.8861630168259556 9.58582440575385 0.029828716741437965 0.6882848579048924 0.8289514071896212 0.5341137864235612 9.652863207523149 1.4463476100608532
1636.341708542709 -0.8840223728857475 9.593304399834775 0.02902583668561419 0.6903928112602783 0.8433126263849688 0.5366292116060467 9.660302729193484 1.4758566164195461
1656.9246231157606 -0.8808961580493926 9.597811743404426 0.02978747137728637 0.6934845158093469 0.855284037528816 0.5454792802723393 9.664694477652912 1.5099996418277954
1677.507537688349 -0.8765931986419193 9.605460877434142 0.0228399415049583 0.6972028631379157 0.8637606955612418 0.554194839860251 9.672126542363173 1.5393839168089418
1698.090452261412 -0.8707915809951479 9.613050503550271 0.0197838006714202 0.7005448359787665 0.8699399825684784 0.5570054674589923 9.679356741452574 1.5579248364356388
1718.6733668344636 -0.8685934978983483 9.6219148439667 0.01788693685464557 0.7036552845130102 0.8753399794335852 0.5574250912543246 9.688081695257456 1.572113103170032
1739.2562814070636 -0.8639842021237031 9.631034495635761 0.017382318213476036 0.7073412956216822 0.8775997293143207 0.5665472018075554 9.6969495432793 1.591504683039357
1759.8391959801152 -0.8579984897253614 9.63213602671143 0.01742214560821036 0.7070447026271465 0.8732303280090027 0.5745391041418374 9.697464925628333 1.5925791732207522
1780.4221105527154 -0.8579677010566668 9.637335643822105 0.010754023402737407 0.7050463097797406 0.8733285396318762 0.5809196037218125 9.70238179971927 1.5973508022969614
1801.005025125767 -0.8598946199603739 9.650711330903917 0.006010584103006244 0.6977373006978903 0.8709705458764362 0.589043096898665 9.715212254717262 1.5928048318645405
1821.5879396988182 -0.8622009168164326 9.664819100670108 0.006407626910410492 0.6871040381463338 0.8571821245521694 0.5929026314112757 9.728663217665721 1.5591382867899748
1842.1708542714184 -0.8659445578307573 9.682551517790442 0.00457185714059489 0.6749787123535183 0.8339432679359953 0.5849127452087335 9.745775490258769 1.4934041242832008
1862.7537688444697 -0.8667130125881362 9.690582055860343 -0.0004804426264818958 0.6735404130284405 0.8314015653306736 0.5741415637401358 9.753685946019305 1.474955633072474
1883.33668341707 -0.8637442354236908 9.696823588831132 -0.0019816141660797997 0.6757701669157486 0.8342467234888091 0.5716748938277844 9.75977359541736 1.4809305750572022
1903.9195979901215 -0.8630797357393469 9.704313882580848 0.0014240217370513856 0.6783967720133378 0.8301489085283253 0.5756851922357007 9.767365251790958 1.4824909227756835
1924.5025125627096 -0.8696068929077725 9.7132994123786 0.0027848804475320713 0.6766072096139786 0.8168052851737019 0.5756211384945915 9.776841588322208 1.4571194661011118
1945.085427135773 -0.8789764228867032 9.720390647981333 0.006895961952028452 0.6711723978575405 0.8032591951692671 0.563475942907505 9.784395696168469 1.4132390098395913
1965.6683417088245 -0.8789369363906432 9.71957580809838 0.016974838149507475 0.6759064669931563 0.8057370063374409 0.5623768662040582 9.783821230891471 1.4232683668062145
1986.2512562814245 -0.8808896745332191 9.72240891611414 0.02011372403072883 0.6826010256929614 0.8070723750439097 0.5679514804194188 9.787250537347733 1.441172187831779
2006.834170854476 -0.8805869884587527 9.725647096281497 0.019599780645895473 0.6834542494565305 0.8076821830409606 0.5772549639948569 9.790477739079408 1.4538006705801392
2027.4170854270762 -0.8785149923541185 9.718477560189482 0.018536424750043575 0.6797446452389161 0.811449381002205 0.5795335936288235 9.782945637062431 1.4568003230357063
2048.0000000001273 -0.87761339355261 9.708734856053852 0.02040063879044779 0.6756092500469787 0.8113188868213459 0.5740196922123806 9.772857181271878 1.4442507116974295
