# Y/D U V W
-4.000000000000000000e+00 5.799558668333332001e+00 4.302735321525000267e-01 5.619199151083332372e-02
-3.950000000000000622e+00 5.814162216666667327e+00 4.327229686883333759e-01 6.429964172616663143e-02
-3.900000000000001243e+00 5.816002270000001140e+00 4.468108494349996573e-01 3.046442014850000643e-02
-3.849999999999998757e+00 5.837698200000008164e+00 4.684790509894999899e-01 -5.453306605333324043e-03
-3.799999999999999378e+00 5.899999408333334472e+00 4.884828081183337778e-01 -1.913923343199996907e-02
-3.750000000000000000e+00 5.935516088333334217e+00 4.982100073783335414e-01 -1.696428744333336805e-02
-3.700000000000000622e+00 5.918795281666666241e+00 4.934709649658327590e-01 -1.590699159216668254e-02
-3.650000000000001243e+00 5.918848573333341356e+00 4.877361589416668863e-01 -1.058744521200002432e-02
-3.599999999999998757e+00 5.923090504999999339e+00 4.796349052866663576e-01 -4.281331680000023503e-03
-3.549999999999999378e+00 5.925979573333334471e+00 4.751236524260663008e-01 -2.752127145333320944e-03
-3.500000000000000000e+00 5.914085184999995803e+00 4.721570957199995866e-01 9.960255820666697249e-03
-3.450000000000000622e+00 5.917752598333335889e+00 4.734311698650003342e-01 7.973015492000029222e-03
-3.400000000000001243e+00 5.929385710000000920e+00 4.720757267199998664e-01 2.460302343333338037e-03
-3.349999999999998757e+00 5.926704965000002545e+00 4.740615832038334587e-01 2.812880931333343153e-03
-3.299999999999999378e+00 5.928133894999998432e+00 4.717623758416673030e-01 1.641532137883332937e-02
-3.250000000000000000e+00 5.913277018333338297e+00 4.757462758238168998e-01 2.533658508666664436e-02
-3.200000000000000622e+00 5.902249656666662680e+00 4.882560545920002215e-01 4.002567672371668689e-02
-3.150000000000001243e+00 5.939008508333330383e+00 4.959796276880005239e-01 5.433579175348334650e-02
-3.099999999999998757e+00 5.994307208333336412e+00 5.027100201416672132e-01 4.473866211933340969e-02
-3.049999999999999378e+00 6.075893931666673353e+00 5.211294286133335563e-01 2.209401716166669444e-02
-3.000000000000000000e+00 6.155431258333334377e+00 5.347362813071669940e-01 -3.856043144899998915e-02
-2.950000000000000622e+00 6.253017345000006166e+00 5.486363509133335148e-01 -9.186782354583339361e-02
-2.900000000000001243e+00 6.320805199999992574e+00 5.480478170866663890e-01 -1.047025818158334454e-01
-2.849999999999998757e+00 6.364352581666663511e+00 5.397986289233333013e-01 -1.144113709809998214e-01
-2.799999999999999378e+00 6.393731399999997400e+00 5.401383699066664157e-01 -1.272288701766666197e-01
-2.750000000000000000e+00 6.424169668333333583e+00 5.438295887533330930e-01 -1.439842866859666615e-01
-2.700000000000000622e+00 6.465939261666668436e+00 5.507746709133336527e-01 -1.593730070818332178e-01
-2.650000000000001243e+00 6.468770708333333452e+00 5.618247168383334600e-01 -1.792577270944998857e-01
-2.599999999999998757e+00 6.437491204999992611e+00 5.802714415016670957e-01 -1.800918590269999786e-01
-2.549999999999999378e+00 6.416961666666662900e+00 6.038504983950001570e-01 -1.498746377663335017e-01
-2.500000000000000000e+00 6.389441519999998320e+00 6.130750486916658470e-01 -1.117604419573332564e-01
-2.450000000000000622e+00 6.372869871666660302e+00 6.127443232866663925e-01 -8.685745275166668888e-02
-2.400000000000001243e+00 6.407531424999999281e+00 6.049828372716671288e-01 -1.085631791033333654e-01
-2.349999999999998757e+00 6.444740738333332608e+00 5.883253627283333564e-01 -1.291915497671665414e-01
-2.299999999999999378e+00 6.449366433333326043e+00 5.873740690906995576e-01 -1.288591342655000804e-01
-2.250000000000000000e+00 6.477760715000001390e+00 5.919564157700002438e-01 -1.071604145936667363e-01
-2.200000000000000622e+00 6.509022993333330120e+00 5.957855838933336923e-01 -9.341211773666663332e-02
-2.150000000000001243e+00 6.493443173333330876e+00 5.877114929391660247e-01 -8.379621138516671341e-02
-2.099999999999998757e+00 6.475196905000000669e+00 5.747701196016669067e-01 -5.154322066308329731e-02
-2.049999999999999378e+00 6.458884200000000853e+00 5.623432882666665744e-01 -2.926606911183329829e-02
-2.000000000000000000e+00 6.432673710000000433e+00 5.437541494666668918e-01 -2.748956084050001650e-02
-1.950000000000000622e+00 6.398480048333337500e+00 5.354055714166666702e-01 -2.695082076766671178e-02
-1.900000000000001465e+00 6.360958718333334261e+00 5.279804589783331226e-01 -1.516318224366667786e-02
-1.849999999999998535e+00 6.334847658333333520e+00 5.227000874233326266e-01 9.415765726666679505e-03
-1.799999999999999378e+00 6.318174240000002051e+00 5.258953572633331408e-01 2.025124251366667086e-02
-1.750000000000000000e+00 6.299638406666669965e+00 5.373833106050001085e-01 2.079604244966666918e-02
-1.700000000000000622e+00 6.289860173333338800e+00 5.543602803383336219e-01 2.773721054550000106e-02
-1.650000000000001465e+00 6.309279018333334932e+00 5.617020700316668336e-01 2.585634196383333749e-02
-1.599999999999998535e+00 6.340231790000004253e+00 5.693000047583332002e-01 1.981536224533327409e-02
-1.549999999999999378e+00 6.330402266666667721e+00 5.841199739065003893e-01 7.428382235833318886e-03
-1.500000000000000000e+00 6.301089513333329784e+00 5.974864486866670044e-01 -3.391355187999979710e-03
-1.450000000000000622e+00 6.291762674999994864e+00 6.040308754333332253e-01 6.259893570616637155e-03
-1.400000000000001465e+00 6.278997838333325809e+00 6.082562534249996711e-01 5.689871417666671205e-03
-1.349999999999998535e+00 6.257214008333343180e+00 6.176646182566670751e-01 4.482655900333318635e-03
-1.299999999999999378e+00 6.248453860000005022e+00 6.358800334666663279e-01 1.074534611089833502e-02
-1.250000000000000000e+00 6.272760721666668537e+00 6.479414231283329162e-01 1.334713827666664417e-02
-1.200000000000000622e+00 6.280515001666670649e+00 6.428704492816667004e-01 8.411314847899984196e-03
-1.150000000000001465e+00 6.252625353333333358e+00 6.334225362216665545e-01 8.405548472166693430e-03
-1.099999999999998535e+00 6.244597351666667073e+00 6.201156698308335491e-01 1.778408400190000654e-02
-1.049999999999999378e+00 6.221462361666672436e+00 5.986958447283331486e-01 2.632405105333337006e-02
-1.000000000000000000e+00 6.186507866666665301e+00 5.881587143216669977e-01 5.427371041333323154e-02
-9.500000000000007327e-01 6.152217796666664462e+00 5.814925649950001274e-01 7.086383847833330196e-02
-9.000000000000014655e-01 6.130337803333338442e+00 5.639378550216671560e-01 7.843324864999988433e-02
-8.499999999999985345e-01 6.120720060000003571e+00 5.438235640333334286e-01 6.757935816999992296e-02
-7.999999999999992673e-01 6.124288681666672396e+00 5.272270743350001565e-01 5.458881234083334810e-02
-7.500000000000000000e-01 6.129759671666669796e+00 5.122177805133339978e-01 5.383630556399997963e-02
-7.000000000000007327e-01 6.124488941666667685e+00 4.979683790283335743e-01 3.260132270333334498e-02
-6.500000000000014655e-01 6.115831243333334832e+00 4.798883273883329248e-01 2.541703613733334657e-02
-5.999999999999985345e-01 6.116454519999999562e+00 4.656957977616667521e-01 2.810853558071168407e-02
-5.499999999999992673e-01 6.128713413333339410e+00 4.582106097833333891e-01 1.527426679000001841e-02
-5.000000000000000000e-01 6.131742738333335829e+00 4.618397829600000004e-01 -4.468771628166673046e-03
-4.500000000000007327e-01 6.119990784999995270e+00 4.632142153740005375e-01 -2.634061785833336986e-02
-4.000000000000014100e-01 6.081856449999998304e+00 4.640758785833332123e-01 -3.097225856099995386e-02
-3.499999999999985900e-01 6.038879578333337328e+00 4.593052344530001441e-01 -1.395881509350000577e-02
-2.999999999999992673e-01 6.005140316666661704e+00 4.515290173083335024e-01 1.914257134399998186e-02
-2.500000000000000000e-01 5.972387833333336893e+00 4.387073862350002740e-01 5.275605871916663053e-02
-2.000000000000007050e-01 5.947076933333327098e+00 4.166668695416667068e-01 9.149098610913326823e-02
-1.500000000000014377e-01 5.917593151666667772e+00 4.086188225324995926e-01 1.267925621415467996e-01
-9.999999999999856226e-02 5.882052221666666192e+00 4.140551787661666538e-01 1.447152674000000416e-01
-4.999999999999928113e-02 5.876253731666665203e+00 4.173681289516669168e-01 1.459016903019502154e-01
0.000000000000000000e+00 5.877803491666659497e+00 4.154493330146668550e-01 1.418295669358331512e-01
4.999999999999928113e-02 5.859235878333329595e+00 4.192106048010000863e-01 1.288809294608000144e-01
9.999999999999856226e-02 5.836012743333331976e+00 4.186299276216663423e-01 1.184372601263332520e-01
1.500000000000014377e-01 5.843680396666666610e+00 4.182339409566672161e-01 1.041669242925001571e-01
2.000000000000007050e-01 5.885292624999999056e+00 4.118043929758332666e-01 7.973742237916675579e-02
2.500000000000000000e-01 5.927840053333327752e+00 4.066763433916667503e-01 9.155910187866674044e-02
2.999999999999992673e-01 5.979613186666667524e+00 4.089775556099999321e-01 8.518461775350004428e-02
3.499999999999985900e-01 6.034798369999994527e+00 4.087457584149998824e-01 5.310105180616661591e-02
4.000000000000014100e-01 6.079886154999999626e+00 4.024937866650005192e-01 -5.062300784999989971e-03
4.500000000000007327e-01 6.119232046666666314e+00 3.971771899649998439e-01 -3.634643706166668098e-02
5.000000000000000000e-01 6.127463241666664118e+00 3.807833846116663867e-01 -2.714239354183332550e-02
5.499999999999992673e-01 6.131991789999999831e+00 3.646261876050001516e-01 -1.316337134749998201e-02
5.999999999999985345e-01 6.145492309999996294e+00 3.608173788011501126e-01 -1.503164743833330236e-02
6.500000000000014655e-01 6.127023421666669911e+00 3.592714780083330894e-01 -8.472370630166639258e-03
7.000000000000007327e-01 6.121132509999997140e+00 3.649824187648335050e-01 4.642913878333347275e-03
7.500000000000000000e-01 6.126690013333333518e+00 3.759208811516665527e-01 8.166835079166660100e-03
7.999999999999992673e-01 6.136334580000004202e+00 4.017697704314999729e-01 -3.354887021216661214e-02
8.499999999999985345e-01 6.133838561666666855e+00 4.221434145699999863e-01 -5.915036072004998396e-02
9.000000000000014655e-01 6.139169666666672853e+00 4.211848528333337338e-01 -5.461736159611658287e-02
9.500000000000007327e-01 6.135708261666666274e+00 4.178445845140003057e-01 -3.372623434574999884e-02
1.000000000000000000e+00 6.154021376666674925e+00 4.200755272843331722e-01 -8.117602709500008895e-03
1.049999999999999378e+00 6.173074538333336747e+00 4.233921562008333139e-01 -1.374252216833333692e-02
1.099999999999998535e+00 6.171505848333328714e+00 4.240779090193333434e-01 -4.159875536666663570e-02
1.150000000000001465e+00 6.203311488333328683e+00 4.302690986945001961e-01 -7.185468465105000757e-02
1.200000000000000622e+00 6.215492699999997761e+00 4.272496936109999588e-01 -6.282400658599994470e-02
1.250000000000000000e+00 6.189150696666666285e+00 4.287873654800003487e-01 -3.596467475183335455e-02
1.299999999999999378e+00 6.190143826666663962e+00 4.267878441961665548e-01 -1.341439969266667274e-02
1.349999999999998535e+00 6.163651866666664425e+00 4.142181919025167969e-01 -1.071943036500001660e-02
1.400000000000001465e+00 6.134908516666660816e+00 3.989850542633335273e-01 -2.609959123246667970e-02
1.450000000000000622e+00 6.152253659999994184e+00 3.963237445749997478e-01 -3.373715934033332670e-02
1.500000000000000000e+00 6.142495108333336340e+00 4.018110460009999829e-01 -4.525799009666667955e-02
1.549999999999999378e+00 6.111006121666672897e+00 3.917623422550001733e-01 -4.895784750616670455e-02
1.599999999999998535e+00 6.106658670000000733e+00 3.995042367966666341e-01 -3.513749721999998021e-02
1.650000000000001465e+00 6.097277906666665359e+00 4.052555462783332119e-01 -2.241855840616666790e-02
1.700000000000000622e+00 6.094951245000000739e+00 4.052721528399997886e-01 -5.216855426666658878e-03
1.750000000000000000e+00 6.089690549999992264e+00 3.954199890266666406e-01 1.341787165549998377e-02
1.799999999999999378e+00 6.090972584999993167e+00 3.799051874143833385e-01 6.512599138499995319e-03
1.849999999999998535e+00 6.127442423333338439e+00 3.660840390875002570e-01 -2.484938464021330118e-02
1.900000000000001465e+00 6.141079643333332783e+00 3.779006285216663374e-01 -3.767874940033329872e-02
1.950000000000000622e+00 6.126207104999999764e+00 3.776850964814328360e-01 -3.324592719999999724e-02
2.000000000000000000e+00 6.108227441666659985e+00 3.757844746223333310e-01 -1.807907394540003362e-02
2.049999999999999378e+00 6.089723573333333029e+00 3.736153931979998566e-01 1.572689028161667821e-02
2.099999999999998757e+00 6.053538528333326951e+00 3.750736634541531056e-01 3.320471911404998533e-02
2.150000000000001243e+00 6.008447755000005941e+00 3.780901901458335046e-01 2.639529846283336298e-02
2.200000000000000622e+00 6.023998166666664211e+00 3.863499967269999891e-01 4.288214912249997679e-02
2.250000000000000000e+00 6.052286953333332775e+00 3.772813698833332174e-01 5.843731910581670408e-02
2.299999999999999378e+00 6.027749610000000757e+00 3.782608825258335083e-01 6.008631565033332317e-02
2.349999999999998757e+00 6.034941975000000625e+00 3.878806821683332129e-01 4.952387067333333115e-02
2.400000000000001243e+00 6.077116980000002222e+00 3.812674019141834014e-01 4.890125216615002351e-02
2.450000000000000622e+00 6.151538455000006955e+00 3.797104567521665253e-01 3.699025292168332812e-02
2.500000000000000000e+00 6.175526246666660946e+00 3.821813599853329246e-01 1.030513962716664983e-02
2.549999999999999378e+00 6.148710776666666433e+00 3.846052797866666428e-01 8.047403071666693261e-03
2.599999999999998757e+00 6.109543831666667479e+00 3.690296182383336343e-01 1.673827351999999241e-02
2.650000000000001243e+00 6.095555508333339922e+00 3.577529151399997387e-01 1.345856338166667200e-02
2.700000000000000622e+00 6.091571711666670552e+00 3.639399555283330256e-01 1.127109599616666832e-02
2.750000000000000000e+00 6.128189265000004049e+00 3.724698080226663821e-01 1.408793877833314700e-03
2.799999999999999378e+00 6.175239116666666916e+00 3.783830710093330496e-01 -3.759513083450002902e-02
2.849999999999998757e+00 6.217194120000001156e+00 3.870862601046664575e-01 -7.744682137766666086e-02
2.900000000000001243e+00 6.216922999999999533e+00 3.862790336158333226e-01 -9.682400375833338790e-02
2.950000000000000622e+00 6.212598616666666018e+00 3.906649775433334026e-01 -8.337731256499994470e-02
3.000000000000000000e+00 6.242498668333326783e+00 3.875728210383333483e-01 -5.450292535333333549e-02
3.049999999999999378e+00 6.255995118333339100e+00 3.929312561851664443e-01 -4.553959787166664275e-02
3.099999999999998757e+00 6.264522635000005835e+00 4.026983101573333723e-01 -4.296719369733333072e-02
3.150000000000001243e+00 6.281265098333338237e+00 4.034268433316667291e-01 -4.734548105000002671e-02
3.200000000000000622e+00 6.295512254999995783e+00 3.941878930081663679e-01 -6.260297452100004045e-02
3.250000000000000000e+00 6.305967065000002592e+00 3.932333555983336670e-01 -5.986709054466660823e-02
3.299999999999999378e+00 6.332831703333335227e+00 3.963554389850003634e-01 -4.020981031071665240e-02
3.349999999999998757e+00 6.326012028333328985e+00 4.019811090050000035e-01 -2.575356195999997308e-02
3.400000000000001243e+00 6.316337553333325694e+00 4.149053384403333378e-01 -2.237709980166662296e-02
3.450000000000000622e+00 6.322487991666672968e+00 4.161743852633336127e-01 -3.008789459099997163e-02
3.500000000000000000e+00 6.319060780000005373e+00 4.270477012293334429e-01 -4.620127547816665209e-02
3.549999999999999378e+00 6.342364183333338623e+00 4.427787551240830455e-01 -6.173980822999999840e-02
3.599999999999998757e+00 6.362420961666670927e+00 4.660156110431667997e-01 -6.729309833533335394e-02
3.650000000000001243e+00 6.369047903333334482e+00 4.878334711519999312e-01 -6.435051415283332688e-02
3.700000000000000622e+00 6.389806846666670204e+00 5.100570118938335673e-01 -5.646339126533338887e-02
3.750000000000000000e+00 6.399578166666667123e+00 5.170135008781667763e-01 -3.868254123866669142e-02
3.799999999999999378e+00 6.384810658333331723e+00 5.136067911383336293e-01 -2.178934665183333841e-02
3.849999999999998757e+00 6.344273748333336904e+00 5.012022617299997096e-01 -1.638878878333333011e-02
3.900000000000001243e+00 6.309046803333330899e+00 4.862879485283330694e-01 -5.800838843800007298e-03
3.950000000000000622e+00 6.290175128333331145e+00 4.804813740899995245e-01 1.435925175699995747e-02
4.000000000000000000e+00 6.270824594999999668e+00 4.616848157316667534e-01 2.858458902533327420e-02
