# X VX VY VY VZ
-1.020000000000000000e+03 -1.290274824782091656e+00 9.184352505922293020e+00 9.184352505922293020e+00
-1.010000000000000000e+03 -1.289310480454181951e+00 9.187709363864380308e+00 9.187709363864380308e+00
-1.000000000000000000e+03 -1.288439298470831496e+00 9.192659569323520685e+00 9.192659569323520685e+00
-9.900000000000000000e+02 -1.287781327400211451e+00 9.198708445175077131e+00 9.198708445175077131e+00
-9.800000000000000000e+02 -1.288455162296501033e+00 9.205763138678769053e+00 9.205763138678769053e+00
-9.700000000000000000e+02 -1.289523562075655105e+00 9.214669541030781730e+00 9.214669541030781730e+00
-9.600000000000000000e+02 -1.293358468451028420e+00 9.222912634029318824e+00 9.222912634029318824e+00
-9.500000000000000000e+02 -1.297317883947932016e+00 9.232365861992899880e+00 9.232365861992899880e+00
-9.400000000000000000e+02 -1.302114168792157800e+00 9.238831931344906323e+00 9.238831931344906323e+00
-9.300000000000000000e+02 -1.305284229119191730e+00 9.247001157825621931e+00 9.247001157825621931e+00
-9.200000000000000000e+02 -1.308651826727771361e+00 9.252477511075383632e+00 9.252477511075383632e+00
-9.100000000000000000e+02 -1.310927750089751820e+00 9.258809262537726070e+00 9.258809262537726070e+00
-9.000000000000000000e+02 -1.313551056764769021e+00 9.263169223085224502e+00 9.263169223085224502e+00
-8.900000000000000000e+02 -1.314929914640989628e+00 9.265827012593808476e+00 9.265827012593808476e+00
-8.800000000000000000e+02 -1.316663050133209723e+00 9.267304442485489346e+00 9.267304442485489346e+00
-8.700000000000000000e+02 -1.318561912975115824e+00 9.268366076651265217e+00 9.268366076651265217e+00
-8.600000000000000000e+02 -1.320554498859562109e+00 9.266283777478580674e+00 9.266283777478580674e+00
-8.500000000000000000e+02 -1.323145039838061310e+00 9.266094945292451257e+00 9.266094945292451257e+00
-8.400000000000000000e+02 -1.326092921314683037e+00 9.260096903500732779e+00 9.260096903500732779e+00
-8.300000000000000000e+02 -1.327846101367236242e+00 9.256739983903131019e+00 9.256739983903131019e+00
-8.200000000000000000e+02 -1.330051580239235864e+00 9.251084945591156128e+00 9.251084945591156128e+00
-8.100000000000000000e+02 -1.330283019322630711e+00 9.244302209372801116e+00 9.244302209372801116e+00
-8.000000000000000000e+02 -1.331502849280717271e+00 9.240388224416161478e+00 9.240388224416161478e+00
-7.900000000000000000e+02 -1.330252287249784171e+00 9.231595551873342131e+00 9.231595551873342131e+00
-7.800000000000000000e+02 -1.331022340824817407e+00 9.229069178087490499e+00 9.229069178087490499e+00
-7.700000000000000000e+02 -1.329891206323138286e+00 9.220812781448875839e+00 9.220812781448875839e+00
-7.600000000000000000e+02 -1.332714047334287777e+00 9.221553628841526518e+00 9.221553628841526518e+00
-7.500000000000000000e+02 -1.332475172644005612e+00 9.216266020449634055e+00 9.216266020449634055e+00
-7.400000000000000000e+02 -1.337651909449036669e+00 9.220030415535866553e+00 9.220030415535866553e+00
-7.300000000000000000e+02 -1.336391507880063667e+00 9.219032177823088148e+00 9.219032177823088148e+00
-7.200000000000000000e+02 -1.334646400699384783e+00 9.224713346612913867e+00 9.224713346612913867e+00
-7.100000000000000000e+02 -1.330278554470339936e+00 9.223201406310220563e+00 9.223201406310220563e+00
-7.000000000000000000e+02 -1.327082560263374011e+00 9.224779930940417927e+00 9.224779930940417927e+00
-6.900000000000000000e+02 -1.322838964632773173e+00 9.222464564593995107e+00 9.222464564593995107e+00
-6.800000000000000000e+02 -1.320587897235364849e+00 9.223424473569226123e+00 9.223424473569226123e+00
-6.700000000000000000e+02 -1.317232127816206910e+00 9.221724447656233892e+00 9.221724447656233892e+00
-6.600000000000000000e+02 -1.315507094104421126e+00 9.223384934559092585e+00 9.223384934559092585e+00
-6.500000000000000000e+02 -1.312932407741778329e+00 9.222554308195444861e+00 9.222554308195444861e+00
-6.400000000000000000e+02 -1.310965598075270133e+00 9.220967795910539166e+00 9.220967795910539166e+00
-6.300000000000000000e+02 -1.309063858422397697e+00 9.220702426165866328e+00 9.220702426165866328e+00
-6.200000000000000000e+02 -1.305579217404590375e+00 9.217302484482493341e+00 9.217302484482493341e+00
-6.100000000000000000e+02 -1.302405570499524767e+00 9.218687151213954323e+00 9.218687151213954323e+00
-6.000000000000000000e+02 -1.297628216465833040e+00 9.217134992364549362e+00 9.217134992364549362e+00
-5.900000000000000000e+02 -1.293360079884705582e+00 9.217408588694686600e+00 9.217408588694686600e+00
-5.800000000000000000e+02 -1.289423514994558762e+00 9.216455203886221526e+00 9.216455203886221526e+00
-5.700000000000000000e+02 -1.284847554928806534e+00 9.213710426164221090e+00 9.213710426164221090e+00
-5.600000000000000000e+02 -1.280213570296759418e+00 9.211011975116266015e+00 9.211011975116266015e+00
-5.500000000000000000e+02 -1.275871534771473081e+00 9.205713567357790339e+00 9.205713567357790339e+00
-5.400000000000000000e+02 -1.270668142451519156e+00 9.200756228416718585e+00 9.200756228416718585e+00
-5.300000000000000000e+02 -1.267678076643638407e+00 9.194926956063612877e+00 9.194926956063612877e+00
-5.200000000000000000e+02 -1.261975619368883139e+00 9.188018646292091418e+00 9.188018646292091418e+00
-5.100000000000000000e+02 -1.258249938005287838e+00 9.181035286977813570e+00 9.181035286977813570e+00
-5.000000000000000000e+02 -1.254519141432073992e+00 9.174803232388379470e+00 9.174803232388379470e+00
-4.900000000000000000e+02 -1.250591839545883488e+00 9.167800394763197858e+00 9.167800394763197858e+00
-4.800000000000000000e+02 -1.249038208981178011e+00 9.160885031149998525e+00 9.160885031149998525e+00
-4.700000000000000000e+02 -1.245699385113659963e+00 9.155474100118187408e+00 9.155474100118187408e+00
-4.600000000000000000e+02 -1.246539927391786762e+00 9.149954216873034341e+00 9.149954216873034341e+00
-4.500000000000000000e+02 -1.245844120372006536e+00 9.144371578184722793e+00 9.144371578184722793e+00
-4.400000000000000000e+02 -1.247610870782112302e+00 9.138971603988633063e+00 9.138971603988633063e+00
-4.300000000000000000e+02 -1.248839304182392862e+00 9.134294609900644346e+00 9.134294609900644346e+00
-4.200000000000000000e+02 -1.249570325729571607e+00 9.130798782648415823e+00 9.130798782648415823e+00
-4.100000000000000000e+02 -1.251452862372055108e+00 9.130044801589727754e+00 9.130044801589727754e+00
-4.000000000000000000e+02 -1.246998859917816560e+00 9.121397400951856582e+00 9.121397400951856582e+00
-3.900000000000000000e+02 -1.250914305556792394e+00 9.120380976345277446e+00 9.120380976345277446e+00
-3.800000000000000000e+02 -1.255864864111321033e+00 9.125390305372205191e+00 9.125390305372205191e+00
-3.700000000000000000e+02 -1.258767424972800697e+00 9.129782715527078096e+00 9.129782715527078096e+00
-3.600000000000000000e+02 -1.261072035967865768e+00 9.133929773136934216e+00 9.133929773136934216e+00
-3.500000000000000000e+02 -1.262742272748878181e+00 9.139376387211749275e+00 9.139376387211749275e+00
-3.400000000000000000e+02 -1.263903591472999688e+00 9.147320751005121764e+00 9.147320751005121764e+00
-3.300000000000000000e+02 -1.264993063511715476e+00 9.157211785562605399e+00 9.157211785562605399e+00
-3.200000000000000000e+02 -1.266807375985737005e+00 9.167241318803529992e+00 9.167241318803529992e+00
-3.100000000000000000e+02 -1.268417679735187598e+00 9.177987648528347364e+00 9.177987648528347364e+00
-3.000000000000000000e+02 -1.270017419905068001e+00 9.188018692484991590e+00 9.188018692484991590e+00
-2.900000000000000000e+02 -1.271341267153643706e+00 9.196979334907762649e+00 9.196979334907762649e+00
-2.800000000000000000e+02 -1.272542784082846268e+00 9.205831592975917133e+00 9.205831592975917133e+00
-2.700000000000000000e+02 -1.274300113591669170e+00 9.214619683470235856e+00 9.214619683470235856e+00
-2.600000000000000000e+02 -1.275583481527661656e+00 9.219981571336543169e+00 9.219981571336543169e+00
-2.500000000000000000e+02 -1.275634929451931576e+00 9.226665146614307034e+00 9.226665146614307034e+00
-2.400000000000000000e+02 -1.273998768659114544e+00 9.225867148713343013e+00 9.225867148713343013e+00
-2.300000000000000000e+02 -1.271176840467566072e+00 9.220601018457726283e+00 9.220601018457726283e+00
-2.200000000000000000e+02 -1.267366924902891601e+00 9.214955355656920588e+00 9.214955355656920588e+00
-2.100000000000000000e+02 -1.261512065202732069e+00 9.208705131463982951e+00 9.208705131463982951e+00
-2.000000000000000000e+02 -1.254755138507893664e+00 9.200817346781073880e+00 9.200817346781073880e+00
-1.900000000000000000e+02 -1.248561867760690447e+00 9.191271021413655262e+00 9.191271021413655262e+00
-1.800000000000000000e+02 -1.244194337115469118e+00 9.180281883262699338e+00 9.180281883262699338e+00
-1.700000000000000000e+02 -1.243814002358887061e+00 9.169891920949067909e+00 9.169891920949067909e+00
-1.600000000000000000e+02 -1.245425509076809156e+00 9.161860330639600036e+00 9.161860330639600036e+00
-1.500000000000000000e+02 -1.249526739122415853e+00 9.156698161034896088e+00 9.156698161034896088e+00
-1.400000000000000000e+02 -1.255399855619696581e+00 9.149771537468971871e+00 9.149771537468971871e+00
-1.300000000000000000e+02 -1.259760916325650681e+00 9.141800597204840173e+00 9.141800597204840173e+00
-1.200000000000000000e+02 -1.263274698214588376e+00 9.140818201191500236e+00 9.140818201191500236e+00
-1.100000000000000000e+02 -1.266272656851790135e+00 9.140609527066468232e+00 9.140609527066468232e+00
-1.000000000000000000e+02 -1.268771494045544790e+00 9.138206286406797219e+00 9.138206286406797219e+00
-9.000000000000000000e+01 -1.271755206541222982e+00 9.136579560644236153e+00 9.136579560644236153e+00
-8.000000000000000000e+01 -1.275206550811815553e+00 9.135172601296293493e+00 9.135172601296293493e+00
-7.000000000000000000e+01 -1.275868367582797314e+00 9.131150646358094036e+00 9.131150646358094036e+00
-6.000000000000000000e+01 -1.276624964855066047e+00 9.128641638569600758e+00 9.128641638569600758e+00
-5.000000000000000000e+01 -1.279566568994795261e+00 9.128893566857840369e+00 9.128893566857840369e+00
-4.000000000000000000e+01 -1.282690829223633644e+00 9.129576770105199301e+00 9.129576770105199301e+00
-3.000000000000000000e+01 -1.286305804747434056e+00 9.127136920302161727e+00 9.127136920302161727e+00
-2.000000000000000000e+01 -1.290508860639198563e+00 9.122401648671569774e+00 9.122401648671569774e+00
-1.000000000000000000e+01 -1.296838238431549106e+00 9.123437024372703874e+00 9.123437024372703874e+00
0.000000000000000000e+00 -1.303216680025751861e+00 9.127483000582529371e+00 9.127483000582529371e+00
1.000000000000000000e+01 -1.307622092198785113e+00 9.129946079227707401e+00 9.129946079227707401e+00
2.000000000000000000e+01 -1.306268907902487397e+00 9.124652869863014715e+00 9.124652869863014715e+00
3.000000000000000000e+01 -1.303493609564982059e+00 9.119506935232195133e+00 9.119506935232195133e+00
4.000000000000000000e+01 -1.299163910088040330e+00 9.119401294411281000e+00 9.119401294411281000e+00
5.000000000000000000e+01 -1.294164049717535958e+00 9.123030059499473765e+00 9.123030059499473765e+00
6.000000000000000000e+01 -1.294601122827742978e+00 9.134868590096289154e+00 9.134868590096289154e+00
7.000000000000000000e+01 -1.296857324649126397e+00 9.145140660445219893e+00 9.145140660445219893e+00
8.000000000000000000e+01 -1.299022497643518070e+00 9.142328208387427324e+00 9.142328208387427324e+00
9.000000000000000000e+01 -1.302389490441477005e+00 9.140213577896947328e+00 9.140213577896947328e+00
1.000000000000000000e+02 -1.304995726650147070e+00 9.148876781933912739e+00 9.148876781933912739e+00
1.100000000000000000e+02 -1.302673440264546345e+00 9.155015727956586247e+00 9.155015727956586247e+00
1.200000000000000000e+02 -1.298322441620074263e+00 9.153005422365767529e+00 9.153005422365767529e+00
1.300000000000000000e+02 -1.293204080375585097e+00 9.147553435592049809e+00 9.147553435592049809e+00
1.400000000000000000e+02 -1.288922765975201390e+00 9.145666196219199406e+00 9.145666196219199406e+00
1.500000000000000000e+02 -1.289519786956232261e+00 9.151928225863379396e+00 9.151928225863379396e+00
1.600000000000000000e+02 -1.291834470293502513e+00 9.161460050436458502e+00 9.161460050436458502e+00
1.700000000000000000e+02 -1.286463848772335439e+00 9.160988593703613958e+00 9.160988593703613958e+00
1.800000000000000000e+02 -1.283091633621803451e+00 9.148357702703323824e+00 9.148357702703323824e+00
1.900000000000000000e+02 -1.277687613373587272e+00 9.137689052404663670e+00 9.137689052404663670e+00
2.000000000000000000e+02 -1.269810972460984289e+00 9.132344798865563718e+00 9.132344798865563718e+00
2.100000000000000000e+02 -1.265279861874229805e+00 9.126587558783217702e+00 9.126587558783217702e+00
2.200000000000000000e+02 -1.261031697637489124e+00 9.119938863069782187e+00 9.119938863069782187e+00
2.300000000000000000e+02 -1.256895864228810833e+00 9.113354331348158865e+00 9.113354331348158865e+00
2.400000000000000000e+02 -1.254710803905562777e+00 9.107297434958868010e+00 9.107297434958868010e+00
2.500000000000000000e+02 -1.254029644920488851e+00 9.105705937533942418e+00 9.105705937533942418e+00
2.600000000000000000e+02 -1.250865844472794697e+00 9.101407111714838294e+00 9.101407111714838294e+00
2.700000000000000000e+02 -1.249771087380997514e+00 9.095054507190345916e+00 9.095054507190345916e+00
2.800000000000000000e+02 -1.246461744571453423e+00 9.088512426193009475e+00 9.088512426193009475e+00
2.900000000000000000e+02 -1.240737775235858598e+00 9.087504308332356118e+00 9.087504308332356118e+00
3.000000000000000000e+02 -1.238752691297722253e+00 9.088824438798670968e+00 9.088824438798670968e+00
3.100000000000000000e+02 -1.234700428957913765e+00 9.089284877588500677e+00 9.089284877588500677e+00
3.200000000000000000e+02 -1.230629838047188063e+00 9.093340812838148324e+00 9.093340812838148324e+00
3.300000000000000000e+02 -1.225627215889470989e+00 9.095722254776214655e+00 9.095722254776214655e+00
3.400000000000000000e+02 -1.221554662597776453e+00 9.099466048828979581e+00 9.099466048828979581e+00
3.500000000000000000e+02 -1.218187748348822819e+00 9.103524721195242364e+00 9.103524721195242364e+00
3.600000000000000000e+02 -1.215072271262296555e+00 9.107256125457459106e+00 9.107256125457459106e+00
3.700000000000000000e+02 -1.212301399764102117e+00 9.112547547149745242e+00 9.112547547149745242e+00
3.800000000000000000e+02 -1.208376427220667404e+00 9.115601426869606172e+00 9.115601426869606172e+00
3.900000000000000000e+02 -1.204893936590659242e+00 9.120599825556835683e+00 9.120599825556835683e+00
4.000000000000000000e+02 -1.199898649843415432e+00 9.122449871048317505e+00 9.122449871048317505e+00
4.100000000000000000e+02 -1.195457514516092168e+00 9.125003741561570791e+00 9.125003741561570791e+00
4.200000000000000000e+02 -1.190121585218532507e+00 9.126272855164680564e+00 9.126272855164680564e+00
4.300000000000000000e+02 -1.186241645127208200e+00 9.127734660532988542e+00 9.127734660532988542e+00
4.400000000000000000e+02 -1.183274638302398873e+00 9.129045743898601017e+00 9.129045743898601017e+00
4.500000000000000000e+02 -1.181403640818838863e+00 9.130568227092549449e+00 9.130568227092549449e+00
4.600000000000000000e+02 -1.178730824610731531e+00 9.131790464879145475e+00 9.131790464879145475e+00
4.700000000000000000e+02 -1.176478650476349141e+00 9.133425412058905124e+00 9.133425412058905124e+00
4.800000000000000000e+02 -1.174670421791266017e+00 9.135707871669261237e+00 9.135707871669261237e+00
4.900000000000000000e+02 -1.174612897891099905e+00 9.137336883268870835e+00 9.137336883268870835e+00
5.000000000000000000e+02 -1.174978277911209679e+00 9.139829756996823207e+00 9.139829756996823207e+00
5.100000000000000000e+02 -1.175020046118843808e+00 9.142235122056511898e+00 9.142235122056511898e+00
5.200000000000000000e+02 -1.174654328704803907e+00 9.144284267950398615e+00 9.144284267950398615e+00
5.300000000000000000e+02 -1.174327862249511689e+00 9.147161198007436766e+00 9.147161198007436766e+00
5.400000000000000000e+02 -1.173418168714444709e+00 9.141918654297287006e+00 9.141918654297287006e+00
5.500000000000000000e+02 -1.170553352135879743e+00 9.142290874867841310e+00 9.142290874867841310e+00
5.600000000000000000e+02 -1.166333880504105913e+00 9.135326838526681925e+00 9.135326838526681925e+00
5.700000000000000000e+02 -1.162452730143380464e+00 9.138038831137548001e+00 9.138038831137548001e+00
5.800000000000000000e+02 -1.156819334761305829e+00 9.135012914544184071e+00 9.135012914544184071e+00
5.900000000000000000e+02 -1.154618986362093258e+00 9.138979756016759382e+00 9.138979756016759382e+00
6.000000000000000000e+02 -1.149744318348716154e+00 9.139915002933241439e+00 9.139915002933241439e+00
6.100000000000000000e+02 -1.149644107584311348e+00 9.143216572611878590e+00 9.143216572611878590e+00
6.200000000000000000e+02 -1.146105373345409406e+00 9.147437976068436782e+00 9.147437976068436782e+00
6.300000000000000000e+02 -1.146435612176210705e+00 9.152519653270285716e+00 9.152519653270285716e+00
6.400000000000000000e+02 -1.142861461174575100e+00 9.160411487372684292e+00 9.160411487372684292e+00
6.500000000000000000e+02 -1.144601126337967623e+00 9.167842672766479239e+00 9.167842672766479239e+00
6.600000000000000000e+02 -1.142186300370579666e+00 9.174161268327221563e+00 9.174161268327221563e+00
6.700000000000000000e+02 -1.143697604951376290e+00 9.182276484250417425e+00 9.182276484250417425e+00
6.800000000000000000e+02 -1.142566511157604880e+00 9.184759580238628374e+00 9.184759580238628374e+00
6.900000000000000000e+02 -1.141529261939211892e+00 9.193983255095481866e+00 9.193983255095481866e+00
7.000000000000000000e+02 -1.141166520185873390e+00 9.194015583982077189e+00 9.194015583982077189e+00
7.100000000000000000e+02 -1.137215611414056360e+00 9.204362016148126102e+00 9.204362016148126102e+00
7.200000000000000000e+02 -1.136525476705126270e+00 9.203634959860565345e+00 9.203634959860565345e+00
7.300000000000000000e+02 -1.130228758225506391e+00 9.214728147337575948e+00 9.214728147337575948e+00
7.400000000000000000e+02 -1.128150753232725068e+00 9.214932636910097230e+00 9.214932636910097230e+00
7.500000000000000000e+02 -1.120376093874197565e+00 9.223866957223149754e+00 9.223866957223149754e+00
7.600000000000000000e+02 -1.117447008928037500e+00 9.225773521838613433e+00 9.225773521838613433e+00
7.700000000000000000e+02 -1.109661571234679789e+00 9.227245247457648958e+00 9.227245247457648958e+00
7.800000000000000000e+02 -1.108047128928083325e+00 9.227936186348806302e+00 9.227936186348806302e+00
7.900000000000000000e+02 -1.102296514199514688e+00 9.227742216548657339e+00 9.227742216548657339e+00
8.000000000000000000e+02 -1.099186839083555745e+00 9.230766980045947534e+00 9.230766980045947534e+00
8.100000000000000000e+02 -1.094986904802563110e+00 9.230294784588716439e+00 9.230294784588716439e+00
8.200000000000000000e+02 -1.090685661129386252e+00 9.235041020826837865e+00 9.235041020826837865e+00
8.300000000000000000e+02 -1.087351410024990805e+00 9.234201777723793469e+00 9.234201777723793469e+00
8.400000000000000000e+02 -1.080205662006424872e+00 9.238569657666223733e+00 9.238569657666223733e+00
8.500000000000000000e+02 -1.076208041554284733e+00 9.237922949687733976e+00 9.237922949687733976e+00
8.600000000000000000e+02 -1.068304967899524005e+00 9.240902331446445572e+00 9.240902331446445572e+00
8.700000000000000000e+02 -1.064397613374170604e+00 9.240761292672962313e+00 9.240761292672962313e+00
8.800000000000000000e+02 -1.058070917350660167e+00 9.237841325838395790e+00 9.237841325838395790e+00
8.900000000000000000e+02 -1.056287008293154361e+00 9.231968198645340351e+00 9.231968198645340351e+00
9.000000000000000000e+02 -1.051286473432871071e+00 9.223347606824594536e+00 9.223347606824594536e+00
9.100000000000000000e+02 -1.048292864178558936e+00 9.219803267237672628e+00 9.219803267237672628e+00
9.200000000000000000e+02 -1.043162677736378496e+00 9.209762736194402777e+00 9.209762736194402777e+00
9.300000000000000000e+02 -1.038582582176681424e+00 9.206498843864665105e+00 9.206498843864665105e+00
9.400000000000000000e+02 -1.033665679829312900e+00 9.195811594370693953e+00 9.195811594370693953e+00
9.500000000000000000e+02 -1.028731204690355172e+00 9.191701027277309421e+00 9.191701027277309421e+00
9.600000000000000000e+02 -1.024552401309377192e+00 9.182074377903814977e+00 9.182074377903814977e+00
9.700000000000000000e+02 -1.019654669787420254e+00 9.178095987668108080e+00 9.178095987668108080e+00
9.800000000000000000e+02 -1.014479673443230201e+00 9.169334295733635898e+00 9.169334295733635898e+00
9.900000000000000000e+02 -1.007025062657421310e+00 9.165219967872570095e+00 9.165219967872570095e+00
1.000000000000000000e+03 -1.001668690426810837e+00 9.160941154309112378e+00 9.160941154309112378e+00
1.010000000000000000e+03 -9.948200991758127110e-01 9.158656973058018735e+00 9.158656973058018735e+00
1.020000000000000000e+03 -9.900804525469258932e-01 9.156094697180094499e+00 9.156094697180094499e+00
