# X VX VY VY VZ
-1.020000000000000000e+03 -1.288076467847819151e+00 8.754558535276206754e+00 8.754558535276206754e+00
-1.010000000000000000e+03 -1.289884266401381874e+00 8.764511779474142728e+00 8.764511779474142728e+00
-1.000000000000000000e+03 -1.291083516147429888e+00 8.771960264672557628e+00 8.771960264672557628e+00
-9.900000000000000000e+02 -1.292890725972365429e+00 8.775274919657636730e+00 8.775274919657636730e+00
-9.800000000000000000e+02 -1.294712443158847925e+00 8.776962820105342900e+00 8.776962820105342900e+00
-9.700000000000000000e+02 -1.297331468638908358e+00 8.777713391934847564e+00 8.777713391934847564e+00
-9.600000000000000000e+02 -1.298642155633788153e+00 8.779032725494626987e+00 8.779032725494626987e+00
-9.500000000000000000e+02 -1.301379395090134228e+00 8.780561030497450403e+00 8.780561030497450403e+00
-9.400000000000000000e+02 -1.302266529529074734e+00 8.781653538919503177e+00 8.781653538919503177e+00
-9.300000000000000000e+02 -1.304578816797888008e+00 8.783647466424900685e+00 8.783647466424900685e+00
-9.200000000000000000e+02 -1.305626729631577998e+00 8.784109212052035431e+00 8.784109212052035431e+00
-9.100000000000000000e+02 -1.307545134691787458e+00 8.784647928917435067e+00 8.784647928917435067e+00
-9.000000000000000000e+02 -1.309794935691630524e+00 8.784082516583609390e+00 8.784082516583609390e+00
-8.900000000000000000e+02 -1.312266351604972625e+00 8.782012197311619417e+00 8.782012197311619417e+00
-8.800000000000000000e+02 -1.314860636381611325e+00 8.780156209062944583e+00 8.780156209062944583e+00
-8.700000000000000000e+02 -1.314710581680371027e+00 8.774418931601887905e+00 8.774418931601887905e+00
-8.600000000000000000e+02 -1.316394733302884035e+00 8.769778357542945102e+00 8.769778357542945102e+00
-8.500000000000000000e+02 -1.317062707175541858e+00 8.761615592296937649e+00 8.761615592296937649e+00
-8.400000000000000000e+02 -1.318722489687482513e+00 8.754472329374618056e+00 8.754472329374618056e+00
-8.300000000000000000e+02 -1.318909472993506915e+00 8.744001837528912802e+00 8.744001837528912802e+00
-8.200000000000000000e+02 -1.320286676954934402e+00 8.735290114781506077e+00 8.735290114781506077e+00
-8.100000000000000000e+02 -1.322419715230145343e+00 8.722286523113567114e+00 8.722286523113567114e+00
-8.000000000000000000e+02 -1.326206090660077663e+00 8.711156688500656387e+00 8.711156688500656387e+00
-7.900000000000000000e+02 -1.330964807376666670e+00 8.696206524689827688e+00 8.696206524689827688e+00
-7.800000000000000000e+02 -1.334202801647436765e+00 8.682203379749095618e+00 8.682203379749095618e+00
-7.700000000000000000e+02 -1.340223178133544968e+00 8.666519887137722478e+00 8.666519887137722478e+00
-7.600000000000000000e+02 -1.342193640162445911e+00 8.652174360864384184e+00 8.652174360864384184e+00
-7.500000000000000000e+02 -1.346773481280333362e+00 8.642761617197713520e+00 8.642761617197713520e+00
-7.400000000000000000e+02 -1.347356890056355283e+00 8.632332643588497945e+00 8.632332643588497945e+00
-7.300000000000000000e+02 -1.350705642908460069e+00 8.627267975299297120e+00 8.627267975299297120e+00
-7.200000000000000000e+02 -1.350276479721138623e+00 8.619708166200277688e+00 8.619708166200277688e+00
-7.100000000000000000e+02 -1.352583263674008496e+00 8.615836592337286604e+00 8.615836592337286604e+00
-7.000000000000000000e+02 -1.350665485032887414e+00 8.609996880722542656e+00 8.609996880722542656e+00
-6.900000000000000000e+02 -1.353819929395956523e+00 8.605297097826177577e+00 8.605297097826177577e+00
-6.800000000000000000e+02 -1.352466935027394790e+00 8.599678389679146662e+00 8.599678389679146662e+00
-6.700000000000000000e+02 -1.356576629028649617e+00 8.593135781027651632e+00 8.593135781027651632e+00
-6.600000000000000000e+02 -1.355685471639022088e+00 8.585147436648673747e+00 8.585147436648673747e+00
-6.500000000000000000e+02 -1.360261506024504241e+00 8.577869709919268004e+00 8.577869709919268004e+00
-6.400000000000000000e+02 -1.357475825510770395e+00 8.566752238175805445e+00 8.566752238175805445e+00
-6.300000000000000000e+02 -1.359899505134793518e+00 8.563781807142417435e+00 8.563781807142417435e+00
-6.200000000000000000e+02 -1.358487820988771633e+00 8.551222972597171790e+00 8.551222972597171790e+00
-6.100000000000000000e+02 -1.358150126249062284e+00 8.548953166736266596e+00 8.548953166736266596e+00
-6.000000000000000000e+02 -1.358086541040572692e+00 8.538810535398896562e+00 8.538810535398896562e+00
-5.900000000000000000e+02 -1.357268028999510268e+00 8.535888721794009371e+00 8.535888721794009371e+00
-5.800000000000000000e+02 -1.356715015340668407e+00 8.530429552745173893e+00 8.530429552745173893e+00
-5.700000000000000000e+02 -1.358348799279654795e+00 8.528720193211654532e+00 8.528720193211654532e+00
-5.600000000000000000e+02 -1.355450523775675320e+00 8.524493399479130318e+00 8.524493399479130318e+00
-5.500000000000000000e+02 -1.358570730707076235e+00 8.523027619752562956e+00 8.523027619752562956e+00
-5.400000000000000000e+02 -1.355823022617885787e+00 8.517083697905436068e+00 8.517083697905436068e+00
-5.300000000000000000e+02 -1.363943693643737687e+00 8.515218257048065453e+00 8.515218257048065453e+00
-5.200000000000000000e+02 -1.366575113991023160e+00 8.513527588466155649e+00 8.513527588466155649e+00
-5.100000000000000000e+02 -1.375407984921738436e+00 8.512177555833288167e+00 8.512177555833288167e+00
-5.000000000000000000e+02 -1.380017695304545988e+00 8.511259058687874912e+00 8.511259058687874912e+00
-4.900000000000000000e+02 -1.388250423645830400e+00 8.512793706109707870e+00 8.512793706109707870e+00
-4.800000000000000000e+02 -1.392283778592345644e+00 8.510031064009140778e+00 8.510031064009140778e+00
-4.700000000000000000e+02 -1.399417592759056861e+00 8.513780732025038489e+00 8.513780732025038489e+00
-4.600000000000000000e+02 -1.404525451292549132e+00 8.509472635592395307e+00 8.509472635592395307e+00
-4.500000000000000000e+02 -1.412844838839995676e+00 8.514582266625962959e+00 8.514582266625962959e+00
-4.400000000000000000e+02 -1.417557969185010425e+00 8.509361194323451727e+00 8.509361194323451727e+00
-4.300000000000000000e+02 -1.423983586194185857e+00 8.513935785196082406e+00 8.513935785196082406e+00
-4.200000000000000000e+02 -1.424100924108027133e+00 8.511043412948843923e+00 8.511043412948843923e+00
-4.100000000000000000e+02 -1.428339609014959821e+00 8.516106536288839735e+00 8.516106536288839735e+00
-4.000000000000000000e+02 -1.430380902348147298e+00 8.504083816915482430e+00 8.504083816915482430e+00
-3.900000000000000000e+02 -1.428601526034710689e+00 8.504655059075865609e+00 8.504655059075865609e+00
-3.800000000000000000e+02 -1.428890512762380771e+00 8.516279349454643821e+00 8.516279349454643821e+00
-3.700000000000000000e+02 -1.428390782348389454e+00 8.524169602064260332e+00 8.524169602064260332e+00
-3.600000000000000000e+02 -1.426304833739436173e+00 8.539481080513711575e+00 8.539481080513711575e+00
-3.500000000000000000e+02 -1.422778671337097123e+00 8.556408955289967366e+00 8.556408955289967366e+00
-3.400000000000000000e+02 -1.419154913530268791e+00 8.571660293384796958e+00 8.571660293384796958e+00
-3.300000000000000000e+02 -1.415467827079578411e+00 8.583731571834235297e+00 8.583731571834235297e+00
-3.200000000000000000e+02 -1.411577655183558822e+00 8.591607954683734505e+00 8.591607954683734505e+00
-3.100000000000000000e+02 -1.408040240858433378e+00 8.595886517146034578e+00 8.595886517146034578e+00
-3.000000000000000000e+02 -1.407942802874184052e+00 8.600240807292136580e+00 8.600240807292136580e+00
-2.900000000000000000e+02 -1.411400871846139271e+00 8.605206182106519108e+00 8.605206182106519108e+00
-2.800000000000000000e+02 -1.416304314039166234e+00 8.608269298495077493e+00 8.608269298495077493e+00
-2.700000000000000000e+02 -1.421919840031032223e+00 8.609535584003490172e+00 8.609535584003490172e+00
-2.600000000000000000e+02 -1.426979579468967474e+00 8.607948959187348592e+00 8.607948959187348592e+00
-2.500000000000000000e+02 -1.431871809152612807e+00 8.606066578890184005e+00 8.606066578890184005e+00
-2.400000000000000000e+02 -1.436821420622309997e+00 8.606161525496894171e+00 8.606161525496894171e+00
-2.300000000000000000e+02 -1.441114839362410471e+00 8.606388816590749613e+00 8.606388816590749613e+00
-2.200000000000000000e+02 -1.446948811863600248e+00 8.609260585562413581e+00 8.609260585562413581e+00
-2.100000000000000000e+02 -1.455911125024358155e+00 8.618424264702946758e+00 8.618424264702946758e+00
-2.000000000000000000e+02 -1.467077965544281826e+00 8.632356041079610520e+00 8.632356041079610520e+00
-1.900000000000000000e+02 -1.477720856367862323e+00 8.646650551792452788e+00 8.646650551792452788e+00
-1.800000000000000000e+02 -1.483553597284498649e+00 8.653627017928529952e+00 8.653627017928529952e+00
-1.700000000000000000e+02 -1.486916677188800939e+00 8.655084068985896550e+00 8.655084068985896550e+00
-1.600000000000000000e+02 -1.487543752217406423e+00 8.650958730138453845e+00 8.650958730138453845e+00
-1.500000000000000000e+02 -1.482936233801765979e+00 8.645013845799038421e+00 8.645013845799038421e+00
-1.400000000000000000e+02 -1.475649382413385391e+00 8.640381118268692262e+00 8.640381118268692262e+00
-1.300000000000000000e+02 -1.469327878528511988e+00 8.631596963268123091e+00 8.631596963268123091e+00
-1.200000000000000000e+02 -1.466406484675442101e+00 8.625484734086686700e+00 8.625484734086686700e+00
-1.100000000000000000e+02 -1.466315569277948594e+00 8.619908234902275979e+00 8.619908234902275979e+00
-1.000000000000000000e+02 -1.468621677019054994e+00 8.617931933575718517e+00 8.617931933575718517e+00
-9.000000000000000000e+01 -1.470463798885950135e+00 8.619080441290760675e+00 8.619080441290760675e+00
-8.000000000000000000e+01 -1.469649183258657565e+00 8.617491763125290305e+00 8.617491763125290305e+00
-7.000000000000000000e+01 -1.465592985368732837e+00 8.614018209565088569e+00 8.614018209565088569e+00
-6.000000000000000000e+01 -1.459796013789093294e+00 8.609269843217772333e+00 8.609269843217772333e+00
-5.000000000000000000e+01 -1.454751976848538186e+00 8.599046887615394041e+00 8.599046887615394041e+00
-4.000000000000000000e+01 -1.452585121656300160e+00 8.592920497799074298e+00 8.592920497799074298e+00
-3.000000000000000000e+01 -1.452097501870651675e+00 8.591342940360794600e+00 8.591342940360794600e+00
-2.000000000000000000e+01 -1.451849291886768922e+00 8.589400894374477957e+00 8.589400894374477957e+00
-1.000000000000000000e+01 -1.452959894405707386e+00 8.588697210737462839e+00 8.588697210737462839e+00
0.000000000000000000e+00 -1.455911352996449581e+00 8.589835719375651379e+00 8.589835719375651379e+00
1.000000000000000000e+01 -1.460125629533491676e+00 8.592553333423529338e+00 8.592553333423529338e+00
2.000000000000000000e+01 -1.465643546365081873e+00 8.599289329097320689e+00 8.599289329097320689e+00
3.000000000000000000e+01 -1.472582761809743568e+00 8.605379482188753926e+00 8.605379482188753926e+00
4.000000000000000000e+01 -1.483420649809756853e+00 8.613190960273223951e+00 8.613190960273223951e+00
5.000000000000000000e+01 -1.490898380055529104e+00 8.616397805370949570e+00 8.616397805370949570e+00
6.000000000000000000e+01 -1.496428457580732729e+00 8.619178736996751411e+00 8.619178736996751411e+00
7.000000000000000000e+01 -1.500974804417892106e+00 8.625987656061736786e+00 8.625987656061736786e+00
8.000000000000000000e+01 -1.502462950331658886e+00 8.632081613475232729e+00 8.632081613475232729e+00
9.000000000000000000e+01 -1.505458187280714677e+00 8.633665755453245438e+00 8.633665755453245438e+00
1.000000000000000000e+02 -1.506908745689971241e+00 8.632646041780876800e+00 8.632646041780876800e+00
1.100000000000000000e+02 -1.506161241143226803e+00 8.627704470597596043e+00 8.627704470597596043e+00
1.200000000000000000e+02 -1.508044682113630852e+00 8.628714150287972728e+00 8.628714150287972728e+00
1.300000000000000000e+02 -1.506260588357038799e+00 8.628341516759263641e+00 8.628341516759263641e+00
1.400000000000000000e+02 -1.499931238398642286e+00 8.620597548953949030e+00 8.620597548953949030e+00
1.500000000000000000e+02 -1.496981227112130997e+00 8.615498845377191017e+00 8.615498845377191017e+00
1.600000000000000000e+02 -1.498879018088034254e+00 8.612345633859522565e+00 8.612345633859522565e+00
1.700000000000000000e+02 -1.507768364886237666e+00 8.602071791819470903e+00 8.602071791819470903e+00
1.800000000000000000e+02 -1.508930992012878392e+00 8.608682681564681971e+00 8.608682681564681971e+00
1.900000000000000000e+02 -1.510157876750659156e+00 8.611532058596980121e+00 8.611532058596980121e+00
2.000000000000000000e+02 -1.510833916647537301e+00 8.610045788159338187e+00 8.610045788159338187e+00
2.100000000000000000e+02 -1.512160352824451826e+00 8.608684880173482767e+00 8.608684880173482767e+00
2.200000000000000000e+02 -1.514611164941522148e+00 8.609749684515035639e+00 8.609749684515035639e+00
2.300000000000000000e+02 -1.515623511821217351e+00 8.613100603864241478e+00 8.613100603864241478e+00
2.400000000000000000e+02 -1.515087019871914631e+00 8.616481463739907198e+00 8.616481463739907198e+00
2.500000000000000000e+02 -1.516841809630076643e+00 8.617456539684839711e+00 8.617456539684839711e+00
2.600000000000000000e+02 -1.517422906755207190e+00 8.624675361362049486e+00 8.624675361362049486e+00
2.700000000000000000e+02 -1.522724143406599007e+00 8.617871424317572249e+00 8.617871424317572249e+00
2.800000000000000000e+02 -1.519394853346378360e+00 8.626146280330274863e+00 8.626146280330274863e+00
2.900000000000000000e+02 -1.516720749750757546e+00 8.629973390499426245e+00 8.629973390499426245e+00
3.000000000000000000e+02 -1.516452080242003619e+00 8.630553420169830403e+00 8.630553420169830403e+00
3.100000000000000000e+02 -1.515956568713511254e+00 8.633650368282841825e+00 8.633650368282841825e+00
3.200000000000000000e+02 -1.515302000574938912e+00 8.634568824669132781e+00 8.634568824669132781e+00
3.300000000000000000e+02 -1.516056642361920392e+00 8.637324982333414169e+00 8.637324982333414169e+00
3.400000000000000000e+02 -1.517220743556199514e+00 8.639365985812533566e+00 8.639365985812533566e+00
3.500000000000000000e+02 -1.519647587717556148e+00 8.642492245041053067e+00 8.642492245041053067e+00
3.600000000000000000e+02 -1.522295912252795036e+00 8.645143520605858001e+00 8.645143520605858001e+00
3.700000000000000000e+02 -1.525614628737598899e+00 8.647787027676727689e+00 8.647787027676727689e+00
3.800000000000000000e+02 -1.530318077818511924e+00 8.650175439388439358e+00 8.650175439388439358e+00
3.900000000000000000e+02 -1.535180235578070373e+00 8.652947066445694446e+00 8.652947066445694446e+00
4.000000000000000000e+02 -1.540144634884494712e+00 8.657673221742328451e+00 8.657673221742328451e+00
4.100000000000000000e+02 -1.544599971640530978e+00 8.662704032047436442e+00 8.662704032047436442e+00
4.200000000000000000e+02 -1.548940198766867393e+00 8.668240373759189765e+00 8.668240373759189765e+00
4.300000000000000000e+02 -1.552529845447019774e+00 8.673954302758925650e+00 8.673954302758925650e+00
4.400000000000000000e+02 -1.555679829156004779e+00 8.679106729931147513e+00 8.679106729931147513e+00
4.500000000000000000e+02 -1.558552012110406393e+00 8.683812647902144022e+00 8.683812647902144022e+00
4.600000000000000000e+02 -1.561375640837099565e+00 8.687763391985482642e+00 8.687763391985482642e+00
4.700000000000000000e+02 -1.564911387119149788e+00 8.691099244739275420e+00 8.691099244739275420e+00
4.800000000000000000e+02 -1.568069685763855858e+00 8.694966114332265406e+00 8.694966114332265406e+00
4.900000000000000000e+02 -1.572603175118179930e+00 8.697493112578742469e+00 8.697493112578742469e+00
5.000000000000000000e+02 -1.574893262407404348e+00 8.700447570962193566e+00 8.700447570962193566e+00
5.100000000000000000e+02 -1.576726340545861360e+00 8.700565468690944826e+00 8.700565468690944826e+00
5.200000000000000000e+02 -1.575725602960805993e+00 8.700478201073167384e+00 8.700478201073167384e+00
5.300000000000000000e+02 -1.575656530525396892e+00 8.699201883026871585e+00 8.699201883026871585e+00
5.400000000000000000e+02 -1.574697401682736420e+00 8.696480963853510104e+00 8.696480963853510104e+00
5.500000000000000000e+02 -1.575762971123626954e+00 8.694124031967570332e+00 8.694124031967570332e+00
5.600000000000000000e+02 -1.576253132181929306e+00 8.690045990199607218e+00 8.690045990199607218e+00
5.700000000000000000e+02 -1.576393298824934952e+00 8.687942538409300752e+00 8.687942538409300752e+00
5.800000000000000000e+02 -1.576120358027794266e+00 8.684249986453828285e+00 8.684249986453828285e+00
5.900000000000000000e+02 -1.575034128743106221e+00 8.681796235713573395e+00 8.681796235713573395e+00
6.000000000000000000e+02 -1.574448601487713040e+00 8.678237801268384288e+00 8.678237801268384288e+00
6.100000000000000000e+02 -1.573991230832568089e+00 8.674366439831343811e+00 8.674366439831343811e+00
6.200000000000000000e+02 -1.574866648383174583e+00 8.671653168988779470e+00 8.671653168988779470e+00
6.300000000000000000e+02 -1.575667199710025779e+00 8.672518287036234952e+00 8.672518287036234952e+00
6.400000000000000000e+02 -1.577457668878337715e+00 8.674623222217887175e+00 8.674623222217887175e+00
6.500000000000000000e+02 -1.577708834523422698e+00 8.676430307390969432e+00 8.676430307390969432e+00
6.600000000000000000e+02 -1.580812303266830421e+00 8.678257869236940536e+00 8.678257869236940536e+00
6.700000000000000000e+02 -1.581560839363701065e+00 8.679720151129368233e+00 8.679720151129368233e+00
6.800000000000000000e+02 -1.585699645927724166e+00 8.681209973853833972e+00 8.681209973853833972e+00
6.900000000000000000e+02 -1.586069640960493521e+00 8.683720907383086995e+00 8.683720907383086995e+00
7.000000000000000000e+02 -1.589800769596122043e+00 8.686242682677379534e+00 8.686242682677379534e+00
7.100000000000000000e+02 -1.590529625879298692e+00 8.688708831771240426e+00 8.688708831771240426e+00
7.200000000000000000e+02 -1.594330604025384401e+00 8.690827623926164591e+00 8.690827623926164591e+00
7.300000000000000000e+02 -1.595232552562152462e+00 8.691270689945286065e+00 8.691270689945286065e+00
7.400000000000000000e+02 -1.597711328872204462e+00 8.690324019816859646e+00 8.690324019816859646e+00
7.500000000000000000e+02 -1.597817127527005665e+00 8.686924557216483933e+00 8.686924557216483933e+00
7.600000000000000000e+02 -1.600663545367984719e+00 8.684472504610752708e+00 8.684472504610752708e+00
7.700000000000000000e+02 -1.600620607597184719e+00 8.681312099261594639e+00 8.681312099261594639e+00
7.800000000000000000e+02 -1.604431367511675699e+00 8.679160163364409541e+00 8.679160163364409541e+00
7.900000000000000000e+02 -1.603647573356005829e+00 8.676703080117160738e+00 8.676703080117160738e+00
8.000000000000000000e+02 -1.607334175938895715e+00 8.675272347043149423e+00 8.675272347043149423e+00
8.100000000000000000e+02 -1.606443615072452369e+00 8.673724828183075886e+00 8.673724828183075886e+00
8.200000000000000000e+02 -1.608542534766825183e+00 8.672331907001154860e+00 8.672331907001154860e+00
8.300000000000000000e+02 -1.607654414628474138e+00 8.670876334860265544e+00 8.670876334860265544e+00
8.400000000000000000e+02 -1.608844754652944076e+00 8.668610559393023607e+00 8.668610559393023607e+00
8.500000000000000000e+02 -1.610340551842216472e+00 8.668186305195648700e+00 8.668186305195648700e+00
8.600000000000000000e+02 -1.612666905409600338e+00 8.665872595837086578e+00 8.665872595837086578e+00
8.700000000000000000e+02 -1.615362147169401741e+00 8.666330249474089698e+00 8.666330249474089698e+00
8.800000000000000000e+02 -1.615547361813848504e+00 8.665886166067343410e+00 8.665886166067343410e+00
8.900000000000000000e+02 -1.616888647646877120e+00 8.665578311865724359e+00 8.665578311865724359e+00
9.000000000000000000e+02 -1.615870110555329475e+00 8.665941955632929350e+00 8.665941955632929350e+00
9.100000000000000000e+02 -1.615636592125549553e+00 8.664266918128763706e+00 8.664266918128763706e+00
9.200000000000000000e+02 -1.614185631081924255e+00 8.664842098899498524e+00 8.664842098899498524e+00
9.300000000000000000e+02 -1.612607879825985524e+00 8.663528766676201087e+00 8.663528766676201087e+00
9.400000000000000000e+02 -1.610916731221582854e+00 8.664653889164558365e+00 8.664653889164558365e+00
9.500000000000000000e+02 -1.609431503254979523e+00 8.665976237232341006e+00 8.665976237232341006e+00
9.600000000000000000e+02 -1.607760735417382625e+00 8.667581957017890915e+00 8.667581957017890915e+00
9.700000000000000000e+02 -1.605745893443477623e+00 8.669574542581091947e+00 8.669574542581091947e+00
9.800000000000000000e+02 -1.602687712629861538e+00 8.669756054230633779e+00 8.669756054230633779e+00
9.900000000000000000e+02 -1.600357825776425713e+00 8.670027539116544446e+00 8.670027539116544446e+00
1.000000000000000000e+03 -1.598450229699134750e+00 8.670346981128277619e+00 8.670346981128277619e+00
1.010000000000000000e+03 -1.597159670962160272e+00 8.669456921781861780e+00 8.669456921781861780e+00
1.020000000000000000e+03 -1.596572983552094094e+00 8.670306264428345955e+00 8.670306264428345955e+00
