#height[m] U[m/s] V[m/s] W[m/s]
 0.0  -0.621350137505191  -0.621350137505191  -0.621350137505191
10.0  -0.9173473931471986  -0.9173473931471986  -0.9173473931471986
20.0  -1.0392650779100352  -1.0392650779100352  -1.0392650779100352
30.0  -1.0812487534626003  -1.0812487534626003  -1.0812487534626003
40.0  -1.090972318104342  -1.090972318104342  -1.090972318104342
50.0  -1.0818607805006095  -1.0818607805006095  -1.0818607805006095
60.0  -1.0562870174021501  -1.0562870174021501  -1.0562870174021501
70.0  -1.0120343159578786  -1.0120343159578786  -1.0120343159578786
80.0  -0.9547376342006884  -0.9547376342006884  -0.9547376342006884
90.0  -0.8808928981861416  -0.8808928981861416  -0.8808928981861416
100.0  -0.801370603007997  -0.801370603007997  -0.801370603007997
110.0  -0.7082524126870817  -0.7082524126870817  -0.7082524126870817
120.0  -0.6093134669898427  -0.6093134669898427  -0.6093134669898427
130.0  -0.5022712339536044  -0.5022712339536044  -0.5022712339536044
140.0  -0.38700512561590533  -0.38700512561590533  -0.38700512561590533
150.0  -0.26938066772316704  -0.26938066772316704  -0.26938066772316704
160.0  -0.1448899103559126  -0.1448899103559126  -0.1448899103559126
170.0  -0.017415311769084535  -0.017415311769084535  -0.017415311769084535
180.0  0.11456524387246074  0.11456524387246074  0.11456524387246074
190.0  0.25325389968704576  0.25325389968704576  0.25325389968704576
200.0  0.3924622818350842  0.3924622818350842  0.3924622818350842
210.0  0.535209894891478  0.535209894891478  0.535209894891478
220.0  0.6777264674775821  0.6777264674775821  0.6777264674775821
230.0  0.8219362275844913  0.8219362275844913  0.8219362275844913
240.0  0.9762547666677162  0.9762547666677162  0.9762547666677162
250.0  1.1237023305566396  1.1237023305566396  1.1237023305566396
260.0  1.278649703740896  1.278649703740896  1.278649703740896
270.0  1.4235238602952143  1.4235238602952143  1.4235238602952143
280.0  1.575517209254251  1.575517209254251  1.575517209254251
290.0  1.723797476279932  1.723797476279932  1.723797476279932
300.0  1.8750840963874102  1.8750840963874102  1.8750840963874102
310.0  2.0230707158125  2.0230707158125  2.0230707158125
320.0  2.17032221834  2.17032221834  2.17032221834
330.0  2.3147815835255683  2.3147815835255683  2.3147815835255683
340.0  2.4624274098753407  2.4624274098753407  2.4624274098753407
350.0  2.604624009670455  2.604624009670455  2.604624009670455
360.0  2.7504726904749996  2.7504726904749996  2.7504726904749996
370.0  2.8910520179624997  2.8910520179624997  2.8910520179624997
380.0  3.032376706225  3.032376706225  3.032376706225
390.0  3.166039356921591  3.166039356921591  3.166039356921591
400.0  3.3017341614011366  3.3017341614011366  3.3017341614011366
410.0  3.4311412352159096  3.4311412352159096  3.4311412352159096
420.0  3.562206970601136  3.562206970601136  3.562206970601136
430.0  3.6850603154431814  3.6850603154431814  3.6850603154431814
440.0  3.805108285394318  3.805108285394318  3.805108285394318
450.0  3.9182302462534095  3.9182302462534095  3.9182302462534095
460.0  4.030112344740909  4.030112344740909  4.030112344740909
470.0  4.133271379368182  4.133271379368182  4.133271379368182
480.0  4.229672983577273  4.229672983577273  4.229672983577273
490.0  4.3158218112965905  4.3158218112965905  4.3158218112965905
500.0  4.379778147330682  4.379778147330682  4.379778147330682
