# X VX VY VZ StdX StdY StdZ WSPD TKE
-2047.9999999999516 -1.1583269966833232 8.559339853123047 -0.20692274048872616 0.8404311258139862 1.5884357621812741 0.8522779956386057 8.686498194553618 3.9626172445999748
-2027.4170854270876 -1.181761936311704 8.555236246827365 -0.19776429442572047 0.8402330587904205 1.5739409842642513 0.8393081557947659 8.686285438661058 3.891544808621509
-2006.8341708542375 -1.1985176411207403 8.547843218157265 -0.19451402306074453 0.8385696459186108 1.5779891916959836 0.8299974803092096 8.681335664157006 3.88295483889589
-1986.2512562813733 -1.2146632388437066 8.542344150486418 -0.19418405022989654 0.8388772706774623 1.5781173740037215 0.8158832059103531 8.678715646023988 3.8620122217066477
-1965.6683417085094 -1.2254404434022212 8.537313515081834 -0.18970206724188357 0.8476090161982525 1.572673315383737 0.8015227589649606 8.677118431380952 3.8376182515094763
-1945.085427135659 -1.2322782079879095 8.527758041146255 -0.18548820470239338 0.8468740860926495 1.5796278099182317 0.7936985072029275 8.668989001479252 3.844572008231529
-1924.5025125627951 -1.2503827617179435 8.515792994863297 -0.18746445708521312 0.8405060198273646 1.5872763393006344 0.778346185549371 8.659395879240218 3.832144925764078
-1903.919597989931 -1.2632350649072053 8.508047081138091 -0.18352818564973472 0.8234167213376845 1.5836529154836392 0.7634059541304264 8.65175512924035 3.769285343019616
-1883.3366834170806 -1.2635419975180648 8.5153166477285 -0.16056447749598102 0.7955276715393949 1.566482883303538 0.7612664888376244 8.655245987736354 3.66689087230988
-1862.753768844217 -1.2630100138434865 8.52676556382789 -0.14328123260878833 0.7721851413514238 1.5473099942433117 0.769518507661983 8.663585220725192 3.5834503228216077
-1842.1708542713664 -1.2611726870520883 8.54236951456216 -0.13206914886035218 0.7601738562568513 1.5222835645307884 0.7803094943899513 8.67703061977153 3.504696819200142
-1821.5879396985024 -1.264781025838433 8.568788447896164 -0.11351003418937525 0.7582198171001897 1.484461479009638 0.7870607805316141 8.703227096970002 3.3982628702530806
-1801.0050251256384 -1.265634874297512 8.594225118602004 -0.10343817057663465 0.7530076097828349 1.4508348437790364 0.7943785663720437 8.727345982194489 3.3035545782316476
-1780.4221105527881 -1.2651006322755345 8.61237780687179 -0.09397563128359157 0.7473526474483287 1.4306391409762051 0.8078500452209438 8.74402692424086 3.258537357158031
-1759.8391959799242 -1.2632757312063083 8.63351470038003 -0.08103901137961293 0.7405019646977311 1.4125609813920272 0.8186019995364014 8.763153395944475 3.214679564479223
-1739.2562814070602 -1.257354373031858 8.652747753686214 -0.08467134357477414 0.7352270085557117 1.4061047945138156 0.8200881198504543 8.780263468582175 3.1903946028071895
-1718.6733668342097 -1.2495195005266324 8.666786245100052 -0.09667105637652484 0.7398198217186167 1.397948939109556 0.8309512421902396 8.793584603516482 3.193493393207319
-1698.090452261346 -1.24460510361692 8.684320965139463 -0.10550565471486782 0.7531042459917665 1.3889744443012768 0.8363096857906314 8.811692017077371 3.1980147520862885
-1677.5075376884818 -1.2405210611811013 8.706679789714169 -0.12021449301792089 0.7721993040635411 1.3814085619216392 0.840393788708925 8.835285653104705 3.211799431007937
-1656.9246231156314 -1.2361606029271333 8.743033286113244 -0.14093529500265548 0.7858096099658481 1.3672834078209215 0.8441981121439672 8.87212181741649 3.199634457582462
-1636.3417085427675 -1.2329046650843896 8.773852146979932 -0.14315129124486214 0.7825158324948177 1.3444729610395083 0.8469229386801967 8.901351416758112 3.137971897507205
-1615.7587939699035 -1.2371528297274907 8.794150558154728 -0.14790870172221654 0.7837818906676716 1.3326369223326933 0.8510843833596121 8.922120534643213 3.1155274068981726
-1595.1758793970532 -1.240288147094406 8.809786483701174 -0.1586515352489433 0.7893506122857317 1.3260297004257815 0.8470049252644616 8.938433142533183 3.099577952493263
-1574.5929648241893 -1.2422335437466927 8.819968383692803 -0.17630486644211357 0.8025877660027975 1.3258501296377188 0.8452293576226706 8.949838824549854 3.1164992210286413
-1554.010050251325 -1.2358868592933256 8.818295454082868 -0.1764996296847946 0.807851410486007 1.3289727437932348 0.8360311011726301 8.947582259959525 3.118798703844573
-1533.4271356784748 -1.2272961943332257 8.822887889931799 -0.17738561023841237 0.8115552560988618 1.323660237403748 0.82061859543093 8.950987584254117 3.0852527138374377
-1512.8442211056108 -1.2203999206275513 8.836547807201502 -0.17368487791018702 0.8221972319370847 1.306989590078767 0.8145002012494142 8.964328939314194 3.0479510732120874
-1492.2613065327469 -1.2151779400996994 8.85428430526592 -0.1633489623170319 0.8389079138493394 1.2883347465045651 0.8223176124647938 8.982423562599577 3.0398374785959126
-1471.6783919598965 -1.2114622900990526 8.87378442955866 -0.1550577632593435 0.8441856671206749 1.2668882531417385 0.8085555227522121 9.001073085277696 2.9717779492566363
-1451.0954773870326 -1.2067894492113123 8.892118457851975 -0.14248445730795206 0.8334231914362707 1.2443229910257778 0.7968243240411527 9.016641107538113 2.877935179658281
-1430.5125628141823 -1.2046534361696724 8.908309702520162 -0.1260615314248269 0.8233440527729887 1.2253709422943933 0.7911539009479716 9.03099642572964 2.805487831058479
-1409.929648241318 -1.201488855749563 8.918009926897405 -0.11277017044264832 0.8163273119884055 1.2125559467195932 0.7936026744614514 9.03978914534041 2.7665995554167413
-1389.3467336684541 -1.1973115605686453 8.925255737337281 -0.11031761490882505 0.8051461962730859 1.1981252580513977 0.7887173707235446 9.045477596198644 2.705878596434805
-1368.7638190956038 -1.202583757268365 8.939355217528991 -0.10915588798643742 0.8033447269858354 1.177561642815154 0.7802469353894497 9.060085472558443 2.6409988259050827
-1348.1809045227399 -1.2132564527819492 8.953049270250741 -0.10623468503356591 0.8108387754511103 1.155297857603022 0.7739556365523255 9.075939516068466 2.5918214053316415
-1327.5979899498757 -1.2218245391625118 8.962784869967535 -0.10385646244616573 0.8194593424512095 1.1353583892255068 0.7652770871278426 9.087474155915539 2.5466411867313288
-1307.0150753770256 -1.226319404941786 8.97132637346511 -0.10122175134594823 0.8250438467637342 1.1125419038503765 0.7499680558530648 9.096781208851631 2.481301425669985
-1286.4321608041614 -1.2269967652501903 8.98279072716801 -0.09958404369921128 0.8305411428030648 1.0901972517148515 0.7398698236283661 9.108333490831171 2.4269110097073834
-1265.8492462312975 -1.2296388527771174 8.99159313595841 -0.0979901672899767 0.8380683857148125 1.0713088329679048 0.7331705928142209 9.117848180686728 2.389352304918551
-1245.2663316584471 -1.2339635589625497 8.991479283895877 -0.09444451161450935 0.8480917080105186 1.0618618352336135 0.7208362048263114 9.119064715769191 2.3673113329544737
-1224.6834170855832 -1.235981001799895 8.989702041751372 -0.09170735927751791 0.8620347258807894 1.0571029992913252 0.7215539590884974 9.118850761261335 2.381821663540166
-1204.1005025127192 -1.2395461023587913 8.99662083075327 -0.09584637609973658 0.8713208388343525 1.038076613904261 0.7228164384551203 9.126935417802011 2.360960795128291
-1183.517587939869 -1.2425818235462265 9.000825060248985 -0.09486487286601337 0.8706668047892385 1.0208565856442389 0.7207468030889284 9.131220720370111 2.3218132631987993
-1162.9346733670047 -1.2388423533259754 9.001423338256325 -0.0912146812058658 0.8650820397302253 1.0043062393035367 0.7164862623194991 9.13051197970845 2.27192038307556
-1142.3517587941408 -1.2261203546602935 8.998204612060634 -0.08727618434445376 0.8588916415714607 1.0006524460528112 0.7258151332433124 9.124661578537317 2.266320183544874
-1121.7688442212905 -1.2182078766464288 9.005187147243571 -0.08353795560554449 0.8553584384289041 0.9974715853944349 0.7419921505322129 9.129752117414224 2.279225976598216
-1101.1859296484265 -1.2163362713965338 9.013756683070985 -0.07840345242686836 0.8489910980994078 0.9872940973137426 0.7501201670545643 9.137075602003911 2.2601434281648736
-1080.6030150755762 -1.2153868723262942 9.019626931205327 -0.07383786879964781 0.8381751284781567 0.9766574697650846 0.7622503288469998 9.141450529086244 2.2383871074117554
-1060.0201005027122 -1.2195593759892682 9.026992128831669 -0.0714279803391959 0.8289554296866362 0.9691472735933147 0.7747481254321442 9.14810936405925 2.227088735372657
-1039.4371859298483 -1.2259716065032784 9.024913150287723 -0.0662635000006246 0.8242406582468836 0.9785309211986712 0.7659354886999729 9.14646510662675 2.225759385834996
-1018.8542713565356 -1.2316877410730838 9.01903517152732 -0.06197000492842794 0.8191180030558916 0.9878817806897207 0.7551091052080581 9.141007207924027 2.220196064421141
-998.2713567836715 -1.239104243353932 9.01185625743616 -0.05926597007637336 0.8106767981172313 0.9980060247220196 0.7476194316104763 9.134147176860738 2.2139940637789715
-977.6884422108075 -1.245357172934014 9.00068925244968 -0.04995568286243213 0.7994514093761855 1.0187450168606893 0.7470849434299092 9.122916623924382 2.2354383365602777
-957.1055276379572 -1.247603144208809 8.995679300406515 -0.038260941025462326 0.7922767137512448 1.0349005729979754 0.7513424569409368 9.117822209088983 2.265145832574983
-936.5226130650932 -1.2472446059940485 8.989879822759786 -0.031801110529675075 0.787984439879422 1.0445350640782878 0.7552046297973646 9.112078813345628 2.284024273680868
-915.9396984922291 -1.2455777087526332 8.982894132698739 -0.025956903822632063 0.7887795805589748 1.0530369032875178 0.7628735636710384 9.105510619499988 2.3138431269865194
-895.3567839193788 -1.2424772915194546 8.978844838607408 -0.01856513474233097 0.7921229247288577 1.0612917741160932 0.7750272915343017 9.101759635738453 2.3545765235506924
-874.7738693465149 -1.2338694216116302 8.979539867115477 -0.020080761056046934 0.7893064500824327 1.0774018236166834 0.7793947259149798 9.101122500681491 2.3925608943385828
-854.1909547736509 -1.2275527805439657 8.980880469169648 -0.02463356251782261 0.7882433538468132 1.0884461008012374 0.7791135830261038 9.101604334531434 2.4145946905204037
-833.6080402008006 -1.2200040235499308 8.982694992080374 -0.02936409625115386 0.7907054955525603 1.0967290643773953 0.7744476103799023 9.10249887822368 2.4286515360362486
-813.0251256279365 -1.2085324697107254 8.977999108822555 -0.03011354544409701 0.7975197565020012 1.1248315538496523 0.7665147925079141 9.096611724589833 2.488934244888948
-792.4422110550726 -1.2010793982375474 8.980539917443192 -0.025768122009673558 0.8065065986779217 1.1404632256079414 0.7639482741631647 9.098501235847776 2.536265267031943
-771.8592964822222 -1.1938816009433402 8.983255903536564 -0.022450133629129437 0.8175804059875332 1.1363607211271538 0.7657669362639032 9.100960163089018 2.547457879461987
-751.2763819093582 -1.184045809007147 8.98607725580918 -0.016249246085092615 0.8292941024992437 1.1274498137597084 0.7660807031500981 9.103394311426404 2.54602019747876
-730.6934673365079 -1.174900635625927 8.992144477068821 -0.009029012970874318 0.8373984691649001 1.1186485584619192 0.77208398578161 9.108878446930836 2.548785165996847
-710.1105527636439 -1.1753023492473484 9.009303170690691 -0.01712919178146754 0.8289825177300293 1.0711331874057795 0.7721230571547049 9.125555557538366 2.431267711751613
-689.5276381907798 -1.1767326651218641 9.021025111350616 -0.024723618500428427 0.819502237296159 1.0373142693082558 0.7680243643641201 9.136881907796452 2.3376064966310146
-668.9447236179296 -1.176914315586049 9.027556724067606 -0.028794560462623672 0.8080134342021009 1.019481385448275 0.7656215928866386 9.142788958714386 2.2786478525799634
-648.3618090450656 -1.1729722933850113 9.036009723738003 -0.030410387646322937 0.7914994543750975 1.000316831059687 0.7617349556150117 9.149616861603189 2.2074495887729366
-627.7788944722016 -1.1717776514878462 9.043178016397635 -0.039066861077805874 0.7718914530488524 0.9888738972344756 0.74814903006076 9.154922753147774 2.133578745107036
-607.1959798993513 -1.1765418688433518 9.047065706827887 -0.04419012911363242 0.7599075177023145 0.9877095293898795 0.7434305706117981 9.15825588469038 2.105885729457364
-586.6130653264872 -1.1853257054117285 9.054595002653148 -0.04662887669656853 0.7508435538447684 0.9858042147126118 0.7410357750813039 9.165991648878649 2.0849806556557136
-566.0301507536232 -1.1960075460563309 9.06175371725325 -0.05124340168103199 0.7448923500964195 0.9853756974306969 0.7322961671909176 9.174019183750644 2.062316006008755
-545.447236180773 -1.2080542254275355 9.068067026992377 -0.061100355884339624 0.7526003895595905 0.9785469394660717 0.7099853655492829 9.182689138735832 2.028259665737318
-524.8643216079089 -1.2140032695480005 9.07858968220843 -0.06487999673511968 0.7628082838591586 0.9646910034626849 0.6965132160670685 9.194708910298846 1.9980132017296641
-504.2814070350449 -1.216035863867369 9.08822103924346 -0.0635671399001673 0.7672002837037122 0.950832046417644 0.6848117646770977 9.204733266694836 1.9619327458674147
-483.6984924621946 -1.2198962040581331 9.090641156940599 -0.06269005890466507 0.7684697702764446 0.9433795691644125 0.6747682696337041 9.207626485794448 1.9360112221269021
-463.11557788933055 -1.2241402276033178 9.095338110984034 -0.0654272129689363 0.7683445254213772 0.9330168592766571 0.6585085100149579 9.212747658117816 1.8946807205583456
-442.53266331646654 -1.2296575543685573 9.102411497608813 -0.0694382111284795 0.7676847929537332 0.9228147168909504 0.6483491138957248 9.22038410628646 1.8615681668450883
-421.9497487436163 -1.2365804211574076 9.102268042751547 -0.07008919883342564 0.7665354171233538 0.9199803722496054 0.6397912698878678 9.221138397921946 1.8433591926047734
-401.36683417075227 -1.2420463835708218 9.100816147809912 -0.06959916819922268 0.767138522910402 0.9173087299381157 0.6256403843074514 9.220587179429447 1.8214645164975964
-380.7839195978882 -1.2439260892025168 9.1010765027256 -0.06742469583181876 0.7665740601242239 0.9117885808395547 0.6162900262216675 9.22123387460211 1.798836272970144
-360.20100502503794 -1.2439646235750383 9.104592679463007 -0.061996148364670114 0.7666115828319977 0.9140776753034296 0.611828308475391 9.224791978458512 1.797620020039592
-339.61809045217393 -1.2433690630856082 9.10394278124212 -0.061020514199227216 0.766980302748145 0.9162463175278904 0.6073147638139931 9.22416334728831 1.7970730900075909
-319.0351758793237 -1.2418262205261859 9.101114321548659 -0.059399061345241665 0.7674442192041835 0.9170424056794706 0.5963963839919041 9.221268497756007 1.7863696132291345
-298.4522613064596 -1.238927826114922 9.099601432349917 -0.052468662805590004 0.7742813868141087 0.9318484587837625 0.6044869925193549 9.220086415971592 1.833371586704349
-277.8693467335956 -1.2345922295536391 9.099273586051948 -0.0573490364183868 0.7790416853893136 0.943700667872788 0.6155507748936562 9.219719129815784 1.8770031408079635
-257.28643216074533 -1.2315775004164737 9.095752698797233 -0.06595492313646702 0.7847855032072274 0.9482741984214424 0.6222892685162904 9.216379853176182 1.903195213972928
-236.7035175878813 -1.2303953360854207 9.082689509367954 -0.06998902596909867 0.7907263663286388 0.9535078670166949 0.6316285668964011 9.203850792318221 1.934094549681245
-216.12060301501728 -1.2341716742216384 9.068424695372796 -0.07774112960047866 0.8020217843215645 0.9589017061209077 0.6324669467107769 9.191505931524551 1.9628360527091095
-195.537688442167 -1.232181732417119 9.053324667416373 -0.08477682592360837 0.8092174555485979 0.9744130727451193 0.6371670996381811 9.177140486902728 2.0106897053920827
-174.95477386930298 -1.226949423210592 9.02481049550594 -0.08603033166061895 0.8138105792596418 0.9879575097199179 0.6370318252827977 9.148947262015952 2.044665438527668
-154.37185929643894 -1.2185394960549358 8.987265972762662 -0.08563622580067669 0.8169983807728073 0.9957956073031538 0.6356139926150581 9.111280380451449 2.063616078201257
-133.78894472358868 -1.2050157650337874 8.93262267697426 -0.08034709558015038 0.8171648487896598 1.00127173579941 0.6303522235712429 9.055608709487736 2.067675657072946
-113.20603015072464 -1.1821234240790595 8.840147231343268 -0.08094529667329413 0.8090003155770887 1.013458925457525 0.6250189411259668 8.960676684011649 2.07251830388657
-92.6231155778606 -1.1573242728374873 8.712655655400473 -0.08300916557261254 0.8035978553750223 1.0239651213525534 0.6210571136580282 8.831326342355862 2.080973113915209
-72.04020100501035 -1.1257223135687247 8.510107070728345 -0.08524731074624158 0.7960059143400228 1.0353795011067903 0.6173987033702741 8.627017747674772 2.088370688234499
-51.45728643214631 -1.0746670276134012 8.17879931598939 -0.08786056968674615 0.7776059190615177 1.057591045154963 0.6105908089482298 8.292094530316032 2.09622031802139
-30.87437185928228 -1.0116637728280498 7.723800675543575 -0.08508672628887866 0.7567989822934409 1.062043079340626 0.6090911031817516 7.83354702079594 2.0728432656046136
-10.291457286432017 -1.0843017436729316 7.896811708674453 -0.07875725963334435 0.7532608028734429 0.9756281664217585 0.608298014691445 8.013219682652323 1.892816027039876
10.291457286432017 -1.0344490783695388 8.409193653171158 0.06456913317261678 0.6950193515489975 1.0288190560290889 0.609209635542991 8.50912420258105 1.9324967840612608
30.87437185928228 -0.9186290256745429 7.945828442199984 0.0010858067590552925 0.7648978148936363 0.876246224124509 0.6152710551269576 8.040657009250692 1.7466645720244474
51.45728643214631 -0.7754925675513391 7.438498922876869 0.0180513989316931 0.789535999436086 1.2273183331783928 0.7027241642099823 7.528222910352061 2.6369705032027797
72.04020100501035 -0.6739799069890364 6.892582189965058 0.05574081544183153 0.8259388754946795 1.4220214791735333 0.7735122717754201 6.983967369318275 3.3213084144347067
92.6231155778606 -0.6185684408311748 6.390309373897978 0.048449423442026074 0.8590545436733212 1.4408698430625835 0.8051356906561721 6.488620578514665 3.4777435159176173
113.20603015072464 -0.5699775920491382 5.9939698804072945 0.04160842140349473 0.8776278049655208 1.4033811168038053 0.8311538988079479 6.093290380210486 3.4362341352792174
133.78894472358868 -0.4795972049774444 5.593158971013304 0.032522880668447524 0.9006148237875422 1.416674599717627 0.8398829189362294 5.69361142366918 3.5264915410999813
154.37185929643894 -0.4285700066687768 5.28486281875694 0.05352322166333368 0.9323378653750922 1.4285621377590336 0.8492266212004753 5.392551201564131 3.634200327806134
174.95477386930298 -0.4304977123413619 5.101913968955031 0.059339141138514975 0.9656954041052005 1.4037305396982716 0.8739229683537555 5.218991760482041 3.6674566315036454
195.537688442167 -0.46310182377734427 4.986357626492641 0.027222802753975907 0.9764582929112131 1.4180597030585176 0.9067180573003382 5.11039510930271 3.7865627282400256
216.12060301501728 -0.5101187330253978 4.8841278690848835 0.023584379116688446 0.9684354724878547 1.4270011836396725 0.9136684828092244 5.014762000304284 3.811065296048494
236.7035175878813 -0.5377316802652461 4.879733101732701 0.01877304441619369 0.9989695828911613 1.3426141285277187 0.9212493195629071 5.017675443010498 3.651793506710196
257.28643216074533 -0.5322855672540602 4.903425505803699 0.006166047306048934 1.04144398018967 1.2846953689403329 0.9048688825044112 5.044021090089688 3.5570366966111306
277.8693467335956 -0.5024019098563167 4.959693384760147 -0.02045135631147815 1.1137806018468543 1.2632232872994937 0.8950748052654607 5.107261826919451 3.6385317594309305
298.4522613064596 -0.4566589941177392 5.052959715546577 -0.02302234333694114 1.151572183171816 1.2826015629464254 0.9352466150951545 5.199719848850199 3.84673482380955
319.0351758793237 -0.45276957234718307 5.139435660910041 -0.030935138681145866 1.1640834999115595 1.3109868043226858 0.9474771921538534 5.285237855247568 3.972268044632587
339.61809045217393 -0.48127275573647854 5.220824533460081 -0.01069741433177782 1.1920531850183531 1.3308194720920108 0.942181378921816 5.371274582536658 4.080415907145435
360.20100502503794 -0.4841746262918548 5.325171723596966 0.011188468358153058 1.2176697641312775 1.336514354480592 0.9361055092802895 5.477122448591668 4.1453461057973024
380.7839195978882 -0.48410288791050726 5.486682559553567 0.034317494103428395 1.227787995345097 1.3579917504731656 0.907363492597537 5.6364420137037134 4.175544685929518
401.36683417075227 -0.47213658242570067 5.658108466011777 0.07521748734784132 1.241834644248517 1.3776657157496548 0.922026379267915 5.806367510232588 4.292119698339432
421.9497487436163 -0.46186928744400146 5.8149529151778925 0.10246669400162789 1.2500848024718698 1.4191964429254127 0.9323292278959744 5.961125028210695 4.448281579632589
442.53266331646654 -0.46672079064055105 5.964404256041283 0.08593323770781268 1.2642222862094998 1.431659890606836 0.9184497170870498 6.1090824251053775 4.492805370024246
463.11557788933055 -0.48990020617484764 6.077893882709713 0.06141401460463247 1.2417054031771841 1.4279459377445627 0.9190580371768664 6.217079957399736 4.426426965372056
483.6984924621946 -0.5209871749885888 6.190459067142166 0.05393132870225273 1.1914906726717924 1.401180415184534 0.9539066824122995 6.324012262568994 4.294586012406889
504.2814070350449 -0.5398237345469374 6.314745379892099 0.07316044758863335 1.1251999893306812 1.342122005138648 0.9352597750354427 6.437483076123366 3.9458897206893386
524.8643216079089 -0.5711852053778967 6.4297163729898505 0.07995162054565243 1.0622929892672306 1.3036806741989315 0.9087785495024531 6.54378609291259 3.655396935749432
545.447236180773 -0.6149018584989417 6.540458919794543 0.08498401244174368 1.0346087395926642 1.2893945862817837 0.8979444714884721 6.652951472478334 3.540209646305658
566.0301507536232 -0.649844164763083 6.653035592328102 0.07492938033335209 1.0275704595893025 1.2885331111780918 0.8820082137296597 6.766226037354173 3.498516730988539
586.6130653264872 -0.6721989480610233 6.758328691113118 0.060236887184730595 1.0353239232964189 1.2874890650831705 0.8569474178991805 6.873041201193457 3.467012435526681
607.1959798993513 -0.6879141559472067 6.854854365742401 0.0447948975712696 1.044825812659173 1.2927655025686786 0.8381012374521636 6.97084477772155 3.466125650365439
627.7788944722016 -0.7042069911348215 6.94595827398034 0.028878032419368208 1.0545059327779058 1.3011280482344743 0.8136740449936641 7.0637530291119 3.467075006528243
648.3618090450656 -0.7175736531053591 7.045208576237137 0.024471721268752064 1.0544023743901425 1.2943676918404141 0.7975005065629472 7.1627696044056774 3.4234149503055757
668.9447236179296 -0.7268203600652806 7.136566343422329 0.030493632246883385 1.0558646132430867 1.2753948819928829 0.7884692696098646 7.253678156836859 3.3639161942614297
689.5276381907798 -0.7323968527664736 7.215995696439364 0.039458791434752685 1.0532209177611227 1.2681471847096448 0.7898214786302745 7.331802551647075 3.3422420635002226
710.1105527636439 -0.7419880915890568 7.283292618218249 0.05149652591573327 1.0510790127426268 1.2509387164828665 0.7846906347109125 7.398583072110194 3.285373116328142
730.6934673365079 -0.7459990477546921 7.346459895481348 0.04901418136732663 1.0411139899568145 1.2353464026031347 0.7713893912089129 7.459336518370147 3.2054431775171235
751.2763819093582 -0.739462201195722 7.405021701399961 0.044695038346164215 1.0277747950038292 1.2215923762203955 0.7661198221760654 7.5143546765169935 3.136424968456714
771.8592964822222 -0.7345802962669057 7.456033590959042 0.043079579901975515 1.0222655599318138 1.2129145908766141 0.7611264999122932 7.563623409378837 3.096407244197483
792.4422110550726 -0.7359368398350828 7.508330706358907 0.037061256027261465 1.0216647629140607 1.1983273351473875 0.7595814397891028 7.615658904824117 3.056852087060222
813.0251256279365 -0.7343875940279326 7.560770465604855 0.028783222697337938 1.0125711259936478 1.1899729725358017 0.7595142938199393 7.666626922454301 3.018619286585567
833.6080402008006 -0.7325848511084886 7.604215268782385 0.029512402706683052 1.0013848892804618 1.1863919121206314 0.7546040114917941 7.708155840589538 2.980151210836223
854.1909547736509 -0.7339943021451598 7.653337152649495 0.029620857037160962 0.9885081642960354 1.1848790358191037 0.7418019707498175 7.755349888868437 2.932330587182748
874.7738693465149 -0.7396391264212308 7.708898824239248 0.027983785320021624 0.9757499053970129 1.1865993798981456 0.7307870970745216 7.809202850937872 2.8945455398639783
895.3567839193788 -0.7490120753378873 7.759555360462372 0.022455337642547542 0.9641302763189259 1.1847124115146141 0.7421107151238868 7.858366427486438 2.8839951260300234
915.9396984922291 -0.7617904810497267 7.810655857951113 0.015593271728669925 0.9562969231572813 1.1804465241270148 0.7558017493249274 7.908774086255317 2.8795783225797447
936.5226130650932 -0.7782819950409452 7.869562179987653 0.016312398839566738 0.9508707478026518 1.167951190671746 0.7586742237548185 7.967693378913947 2.8443525133546594
957.1055276379572 -0.7914996988700324 7.931791416817228 0.021526388609615085 0.9556096692304323 1.1521117817770317 0.7603496832062494 8.031041251004707 2.8188973056197613
977.6884422108075 -0.7971148377050871 7.97056272207054 0.023830731338001343 0.958771410926702 1.1567958003809946 0.7664089336037028 8.070625037967543 2.845045040226458
998.2713567836715 -0.7947998881047498 8.005886674502705 0.01313927862769941 0.9531804680284003 1.157402531667007 0.7649928131100856 8.104920769336317 2.834353788994423
1018.8542713565356 -0.7893147627626496 8.042524131738265 0.000850466875469782 0.9460003722361601 1.1528891054080497 0.76079342170182 8.140063074703473 2.8041190190884975
1039.4371859298483 -0.7810751340758513 8.074124191971512 -0.005658725437270263 0.9392514631344033 1.155565605341527 0.7577404334336102 8.170134409742635 2.7920575137636963
1060.0201005027122 -0.7706772080306334 8.097376169585097 -0.013940171646097598 0.9293320559216703 1.160716930530367 0.7534069058544905 8.191567724900864 2.7788537146655554
1080.6030150755762 -0.7686225882282245 8.126037247599278 -0.0251515527074794 0.9280289613494139 1.158833281770375 0.7407848461816782 8.22029724297623 2.7532640094272307
1101.1859296484265 -0.7654671736614105 8.154719692203052 -0.03176007940736145 0.9220116913232903 1.1526953498005077 0.7305550916249319 8.248341233114145 2.712643801534278
1121.7688442212905 -0.7600821301102062 8.17860409940296 -0.031771461693838564 0.9134733526266929 1.148312771881761 0.7219819152881446 8.27081471273641 2.6743318053620606
1142.3517587941408 -0.7540705479582498 8.19799197796959 -0.027132310903588037 0.9025199869128409 1.143499823216608 0.714144333559387 8.288267909211717 2.6322169898000527
1162.9346733670047 -0.74750114457995 8.21886036560009 -0.02143450006714968 0.8841163205884335 1.1343533955322014 0.7057843740183094 8.30614504431175 2.5669207724566556
1183.517587939869 -0.7401853674461495 8.237685467130172 -0.019799661267288837 0.8696782369794791 1.127309389954743 0.7021081425856346 8.322243458135185 2.5208215021778675
1204.1005025127192 -0.7336097391031748 8.258002931078654 -0.01707368521498886 0.8602800261384302 1.1166935397232318 0.7023622287302076 8.340248640468543 2.4810360090896255
1224.6834170855832 -0.7372511589301767 8.279591231236633 -0.016993393954177618 0.8673607787886424 1.100821620849902 0.697863330833464 8.361915537911779 2.451444865052796
1245.2663316584471 -0.7475693455026814 8.290574356900702 -0.017344985604365225 0.875630765122506 1.0895716338076604 0.6883442043295052 8.37381107322142 2.428428624722443
1265.8492462312975 -0.7563633984341968 8.300134403275111 -0.014305101149230254 0.8818839798638876 1.0759954857920064 0.6848542344542844 8.384044736579716 2.404979781984067
1286.4321608041614 -0.7621107783095294 8.310586473136503 -0.006874875982943199 0.8852255295650907 1.0569808898223212 0.684557646733021 8.394729577072813 2.3696540288002317
1307.0150753770256 -0.7673735229915464 8.320924793241868 0.00011057778700482497 0.8881786456265888 1.040259295763014 0.6797653685331295 8.405450596657726 2.333220952103872
1327.5979899498757 -0.7744041850267563 8.326951985691828 0.009583092508389835 0.8959854502287283 1.0377534298602986 0.676865928366677 8.41276314937307 2.3381710970209344
1348.1809045227399 -0.7788635214937196 8.33301310292621 0.01216867020265211 0.9037283853285183 1.0303583294690757 0.6698238717897811 8.420005490522046 2.327435069026643
1368.7638190956038 -0.7772485157601443 8.336142698159207 0.009996900180760902 0.9055686768370033 1.027673729176004 0.6602223328583634 8.423190999499539 2.312416129919854
1389.3467336684541 -0.7764622034430155 8.336657341307262 0.007380700867242545 0.9055010591899382 1.0344734391193247 0.6516810819520339 8.423295997047841 2.31486422272524
1409.929648241318 -0.7836429134346383 8.345055279732751 0.01966292013366816 0.9064242132838153 1.0454818313322185 0.6606938884460832 8.43214914182668 2.351763514498359
1430.5125628141823 -0.7908903116511998 8.357844956692936 0.03132766274740289 0.9073722998874532 1.0474499793315752 0.6666346353892771 8.445490787987568 2.3655804198413293
1451.0954773870326 -0.795097445280279 8.366606707463367 0.04024536146950881 0.9062614251151123 1.0537619696504044 0.6774986353007846 8.454362642048453 2.3912015831785336
1471.6783919598965 -0.7980391900104309 8.366005488995967 0.05333782455331765 0.9024996690305801 1.067077830807919 0.6834004332122726 8.453668045474755 2.420213595743868
1492.2613065327469 -0.7965042730373629 8.375794917025047 0.065136152603615 0.8992064889892193 1.06472755442526 0.6862153665425559 8.46280426740578 2.413293694176114
1512.8442211056108 -0.7976007306951309 8.382645334370338 0.07090788778573333 0.9033887973905439 1.0649142971419336 0.685589207187537 8.470253053314439 2.420434676668155
1533.4271356784748 -0.8048945794012226 8.388719029397796 0.0756831871475481 0.9158580540820072 1.0691302497816728 0.6778005338952021 8.478538330618822 2.4416816411337168
1554.010050251325 -0.8126123454510448 8.398540856796052 0.0732506944186728 0.9286996265802179 1.0658029165386742 0.6651538154535357 8.490723827225228 2.4409252052655597
1574.5929648241893 -0.815014401983267 8.410687192488343 0.07080502102454386 0.9463408887173793 1.0624922609299774 0.6610618646751006 8.50485301825502 2.4620461190573932
1595.1758793970532 -0.8241550779252486 8.417551000775688 0.06829302723161039 0.9648864555425042 1.0729996203056364 0.6582162721675464 8.514403993111728 2.5171095526036105
1615.7587939699035 -0.836432436948669 8.426763501564519 0.06479784146011969 0.9787290306706566 1.081545267785839 0.6544785733781874 8.52617905650214 2.557299528157012
1636.3417085427675 -0.8455876323258195 8.444574804769008 0.06006812187593945 0.9908808957729326 1.0828160065374934 0.6503368895927059 8.546234426949702 2.5773907543011845
1656.9246231156314 -0.8439557911972659 8.45173471982183 0.06389036344452473 0.9923395227306514 1.1030746902383564 0.6546487285676578 8.553352166791264 2.630837583463902
1677.5075376884818 -0.8376468725438023 8.452697982644395 0.06541883961438617 0.990406355131319 1.1221061829982113 0.6611312446385719 8.553351992542488 2.677944499524208
1698.090452261346 -0.8331970263005973 8.4539990034084 0.06291052212156198 0.985505406587959 1.1378835511923897 0.6736095341443359 8.553603543412454 2.720412172772542
1718.6733668342097 -0.8291148196439675 8.463619190620813 0.06291229584290446 0.971312017117757 1.1429212756967315 0.6889698410157322 8.561008879341173 2.7245164613232693
1739.2562814070602 -0.8270838969763566 8.456066951974753 0.0721821574356695 0.9549326986782418 1.1471024448938154 0.6978191399600489 8.551599721372407 2.714868401720812
1759.8391959799242 -0.8286458778870466 8.442717249380223 0.07718085804108726 0.9441118693550922 1.1514316847205965 0.7022930509529544 8.537852858246556 2.7105289711181215
1780.4221105527881 -0.8310999848528259 8.440411960297949 0.08018067575703071 0.9343573886780145 1.1485319557945937 0.705484693046992 8.535190068001127 2.6900750607038075
1801.0050251256384 -0.8374191558423287 8.44401002908847 0.08851846927270181 0.9298986320199361 1.1487012540248496 0.7080740199258657 8.539123429901066 2.685657178914243
1821.5879396985024 -0.8444590660430874 8.436702747875167 0.10119074384972147 0.9277949551419991 1.1567809779157365 0.7145346253904443 8.532420293208254 2.7097173573457014
1842.1708542713664 -0.8498469862565746 8.426408702556216 0.10817772158459313 0.9204009771884645 1.1641033727051022 0.7178176958428336 8.521920992854206 2.7181094023134325
1862.753768844217 -0.8518425512447627 8.419054999223555 0.11189842527455038 0.9096239839463136 1.1710313955909761 0.7176777627283726 8.513629583032877 2.7144520226060624
1883.3366834170806 -0.8445540150971457 8.412584839699726 0.1181204489997363 0.8981696754509341 1.179046018483295 0.7114243352453838 8.505458098551617 2.703320071600948
1903.919597989931 -0.8389989682682863 8.414916289795762 0.11569740156539925 0.9022223848391488 1.1747801703340937 0.7007362684362495 8.507641667071333 2.6857996736097194
1924.5025125627951 -0.840468007888644 8.416479923022909 0.102901194560639 0.9130531745543307 1.1718932975012737 0.6918855705652232 8.51034890327497 2.6876648867575925
1945.085427135659 -0.8440365816848026 8.42170976021508 0.0938649596756955 0.9183512958943629 1.165931131346567 0.6890858450527343 8.516270934123652 2.6789984573515357
1965.6683417085094 -0.8560819749675062 8.42635186555333 0.08784528156773454 0.9169875777480785 1.1614247951635632 0.6877080583165557 8.521688193028282 2.66312228432208
1986.2512562813733 -0.86807371214825 8.423975884171778 0.08521935550950949 0.9107650078804825 1.1638450608509803 0.6941782052458796 8.519505587564218 2.6660967547803693
2006.8341708542375 -0.8778523402592495 8.417905392226789 0.0822872712200988 0.8999494951622546 1.1684090814518826 0.6951119639284679 8.51316859827672 2.6586750006400686
2027.4170854270876 -0.888212717889327 8.418753217145127 0.07748239537003296 0.8879758394958832 1.1721194082782753 0.6992779179642394 8.51360682152528 2.651771008573128
2047.9999999999516 -0.9005709589903448 8.423323113609182 0.06928356495518477 0.8779697173731196 1.170746268823824 0.6935415902618024 8.518280678146924 2.6225692239789304
