# Y/D U V W
-4.000000000000000000e+00 6.075779963159615882e+00 4.851762356585620495e-01 5.584162308013257414e-02
-3.950000000000000622e+00 6.047677480771387337e+00 4.900413442631582073e-01 5.574213149765791520e-02
-3.900000000000001243e+00 6.016173968760045732e+00 4.966155917977621015e-01 5.421392490471071968e-02
-3.849999999999998757e+00 6.000168514382722584e+00 5.006482830154225239e-01 4.275472593458163467e-02
-3.799999999999999378e+00 6.007413654333572772e+00 5.023556551507967205e-01 3.508109998610513258e-02
-3.750000000000000000e+00 6.032998558077706797e+00 4.984424031321865733e-01 3.959026409664567064e-02
-3.700000000000000622e+00 6.074419818077525512e+00 4.857845788747330307e-01 5.003690637311894451e-02
-3.650000000000001243e+00 6.107885586627869401e+00 4.720159107910826268e-01 3.981930370053009260e-02
-3.599999999999998757e+00 6.110875376388987590e+00 4.678332335151520471e-01 1.931160114037285686e-02
-3.549999999999999378e+00 6.125556880383101088e+00 4.761143798844492125e-01 -7.802440103962085365e-03
-3.500000000000000000e+00 6.167987181691542808e+00 4.858670933351721399e-01 -3.101172512711289700e-02
-3.450000000000000622e+00 6.201661591543294882e+00 4.904096038071111274e-01 -3.870908730628413313e-02
-3.400000000000001243e+00 6.204985320533188187e+00 4.883473500905246012e-01 -3.836533643690225037e-02
-3.349999999999998757e+00 6.186926782116186629e+00 4.843374606919904068e-01 -3.153709901845729024e-02
-3.299999999999999378e+00 6.175612199944072955e+00 4.825616634762772694e-01 -4.601522461739598197e-02
-3.250000000000000000e+00 6.178433290718519544e+00 4.782297753888553049e-01 -7.123153445529141481e-02
-3.200000000000000622e+00 6.175875734741029355e+00 4.717053039060370434e-01 -6.481428556704163513e-02
-3.150000000000001243e+00 6.186218288537322252e+00 4.643923011067859763e-01 -4.466739429916796733e-02
-3.099999999999998757e+00 6.214854195540583603e+00 4.503162196459959410e-01 -2.356998604400335068e-02
-3.049999999999999378e+00 6.253714396284608235e+00 4.337261566613970221e-01 -1.286969322389957919e-02
-3.000000000000000000e+00 6.278971558024709410e+00 4.211109455724325046e-01 -2.109289729390259951e-02
-2.950000000000000622e+00 6.293956740753248624e+00 4.093238319112822432e-01 -3.054059322762266160e-02
-2.900000000000001243e+00 6.306162905590637635e+00 4.011921675613878135e-01 -3.827332847251926906e-02
-2.849999999999998757e+00 6.322224894120584970e+00 3.969457459606809402e-01 -4.160855525946914601e-02
-2.799999999999999378e+00 6.339595629779135599e+00 3.895698775332896990e-01 -4.117697233345274377e-02
-2.750000000000000000e+00 6.345942965224639742e+00 3.838291343921697019e-01 -2.807539960015711586e-02
-2.700000000000000622e+00 6.352688151392367644e+00 3.881961073099454151e-01 -9.311453848979528089e-03
-2.650000000000001243e+00 6.357173092058472363e+00 4.004427754785546689e-01 1.759042107108445751e-03
-2.599999999999998757e+00 6.359560674036480954e+00 4.145200212794483696e-01 5.242653662963807012e-03
-2.549999999999999378e+00 6.372587018883412391e+00 4.309829865492530443e-01 -1.150915397831490938e-02
-2.500000000000000000e+00 6.399270691553366142e+00 4.377067222925222767e-01 -2.659345018833195184e-02
-2.450000000000000622e+00 6.427026941791516457e+00 4.355172237129297241e-01 -4.248414808628540873e-02
-2.400000000000001243e+00 6.428525412262046324e+00 4.332607510841282039e-01 -3.936705827482923220e-02
-2.349999999999998757e+00 6.435805900799302925e+00 4.314951549686707466e-01 -1.981703726223910111e-02
-2.299999999999999378e+00 6.423789724872508877e+00 4.341331606404056354e-01 -5.305566338547080402e-03
-2.250000000000000000e+00 6.392750543739460056e+00 4.353570179047231425e-01 -1.890199105046625958e-02
-2.200000000000000622e+00 6.390890575141765950e+00 4.431931545261852401e-01 -5.416481941410589834e-02
-2.150000000000001243e+00 6.397792301787779579e+00 4.478978766879464501e-01 -7.533827450784749691e-02
-2.099999999999998757e+00 6.418228191682882944e+00 4.483453741397135373e-01 -7.951512170123241352e-02
-2.049999999999999378e+00 6.438739972484396112e+00 4.431198194263882284e-01 -8.430840626156073381e-02
-2.000000000000000000e+00 6.457295369864664458e+00 4.445885048397144601e-01 -1.017620297804439217e-01
-1.950000000000000622e+00 6.457410359986396564e+00 4.431463343489855378e-01 -1.141518933256177176e-01
-1.900000000000001465e+00 6.435121554225057494e+00 4.278693598254654784e-01 -1.092264214347938855e-01
-1.849999999999998535e+00 6.410774370034869385e+00 4.018588383338358438e-01 -1.027210025102083396e-01
-1.799999999999999378e+00 6.405187766506863944e+00 3.934150677352857839e-01 -1.098672317017423961e-01
-1.750000000000000000e+00 6.422052134977085380e+00 3.958888153597598381e-01 -1.080793838408740243e-01
-1.700000000000000622e+00 6.431259763003819074e+00 3.904382012711929417e-01 -9.412294748305646830e-02
-1.650000000000001465e+00 6.436948053471409636e+00 3.940437217241644086e-01 -8.508449782792408544e-02
-1.599999999999998535e+00 6.441629295335905780e+00 3.961912058548067717e-01 -7.363699463882150686e-02
-1.549999999999999378e+00 6.431368084426269505e+00 4.070699899031642310e-01 -5.327741109197710323e-02
-1.500000000000000000e+00 6.406852328357484083e+00 4.083647989412318435e-01 -7.513515858637400020e-03
-1.450000000000000622e+00 6.369419204184892713e+00 4.033626950255803090e-01 3.504457876337778444e-02
-1.400000000000001465e+00 6.335751656411549249e+00 4.040199129346360718e-01 2.801742291842643229e-02
-1.349999999999998535e+00 6.315200358325761876e+00 4.015893546379673551e-01 3.201816947951412889e-02
-1.299999999999999378e+00 6.312343539315373953e+00 4.056736878763347875e-01 2.793926531920420953e-02
-1.250000000000000000e+00 6.284803579147594910e+00 4.144608868243465083e-01 3.676285032270509151e-02
-1.200000000000000622e+00 6.265443227134293913e+00 4.190519213122115838e-01 3.748626993528681589e-02
-1.150000000000001465e+00 6.258975783779018975e+00 4.203438991325141316e-01 4.343708315898630462e-02
-1.099999999999998535e+00 6.260195245879171644e+00 4.172740464150804796e-01 3.521152823761990874e-02
-1.049999999999999378e+00 6.267477158734196863e+00 4.232525310357209691e-01 3.982490032858101298e-02
-1.000000000000000000e+00 6.293691031484182297e+00 4.385288144147417300e-01 3.429070878163487102e-02
-9.500000000000007327e-01 6.325142714418816148e+00 4.510481917539361785e-01 1.629410582552519651e-02
-9.000000000000014655e-01 6.321049450016059446e+00 4.637052116059461881e-01 1.108466380533028664e-02
-8.499999999999985345e-01 6.317298266302870502e+00 4.746948320042742031e-01 1.697632390315683901e-02
-7.999999999999992673e-01 6.311094332539934015e+00 4.725372041360929032e-01 1.213856140220616157e-02
-7.500000000000000000e-01 6.320074245273641367e+00 4.608525000155808127e-01 2.756442348599879005e-03
-7.000000000000007327e-01 6.299206682673803570e+00 4.432074089903420555e-01 2.960283979778615196e-03
-6.500000000000014655e-01 6.268507448162397466e+00 4.236692887720199252e-01 7.709657695712781623e-03
-5.999999999999985345e-01 6.266468348016977608e+00 4.138164025394809320e-01 7.521030407456181371e-03
-5.499999999999992673e-01 6.297163982415878714e+00 4.035665594827878566e-01 -1.537760210106155385e-02
-5.000000000000000000e-01 6.304981319516321570e+00 3.878420320661797871e-01 -1.881440434068705828e-02
-4.500000000000007327e-01 6.299499015285630499e+00 3.937069369342290348e-01 9.841493937411772974e-03
-4.000000000000014100e-01 6.268866819105740618e+00 4.043722140620615857e-01 5.106836807173361498e-02
-3.499999999999985900e-01 6.251934585809432399e+00 4.060329816786186208e-01 6.649551265353847995e-02
-2.999999999999992673e-01 6.246077330376345493e+00 4.079948580592970830e-01 8.046389809698825668e-02
-2.500000000000000000e-01 6.228459223539229761e+00 4.167837187247031561e-01 8.694754877718575969e-02
-2.000000000000007050e-01 6.211590600445544119e+00 4.216437512965816037e-01 9.975259974383302031e-02
-1.500000000000014377e-01 6.211922091975669247e+00 4.245334370281722558e-01 9.261562664323282068e-02
-9.999999999999856226e-02 6.188319036697483178e+00 4.256645947213343328e-01 6.706838872577026989e-02
-4.999999999999928113e-02 6.158624714845756465e+00 4.214453156201140027e-01 6.936871063907339152e-02
0.000000000000000000e+00 6.160901654441643061e+00 4.156862521753804107e-01 7.654419303823785381e-02
4.999999999999928113e-02 6.156039956122360657e+00 4.129455341196726081e-01 5.321497099012034715e-02
9.999999999999856226e-02 6.157063814189967843e+00 4.156926919821766764e-01 2.937123866767731017e-02
1.500000000000014377e-01 6.163977569680108459e+00 4.260983784338033820e-01 2.626490994908358204e-02
2.000000000000007050e-01 6.168122629629161580e+00 4.280618876201510714e-01 1.680614806277719656e-02
2.500000000000000000e-01 6.192169176592996038e+00 4.358728952727938810e-01 1.869789117582625754e-02
2.999999999999992673e-01 6.219423910751683771e+00 4.344569035738947149e-01 -5.627712211231381337e-03
3.499999999999985900e-01 6.220227897225069746e+00 4.258305897980452226e-01 -2.778569858149917277e-02
4.000000000000014100e-01 6.225793022255239784e+00 4.165915893194295783e-01 -2.527350486476837021e-02
4.500000000000007327e-01 6.259653194866011461e+00 4.207467408450942248e-01 -2.449473284290026170e-02
5.000000000000000000e-01 6.270475832309823971e+00 4.287363128073042318e-01 -1.873788922890191888e-02
5.499999999999992673e-01 6.248414139644233423e+00 4.427718479218003544e-01 -2.519106803271484174e-02
5.999999999999985345e-01 6.232201210335789554e+00 4.470555339277201279e-01 -2.578575052996708028e-02
6.500000000000014655e-01 6.230262080474367359e+00 4.493180382910330062e-01 -1.710913655859596857e-02
7.000000000000007327e-01 6.229047171996261234e+00 4.600077877730132103e-01 -6.888686416742378221e-03
7.500000000000000000e-01 6.220598012811749733e+00 4.655470153420933066e-01 -1.915515580277618590e-02
7.999999999999992673e-01 6.197204603997822581e+00 4.757653584948022263e-01 -3.178711213757198784e-02
8.499999999999985345e-01 6.166770750891111597e+00 4.920116872772832273e-01 -1.753584856888171575e-02
9.000000000000014655e-01 6.159336469477971754e+00 5.016758123286940707e-01 -1.735115994808921966e-02
9.500000000000007327e-01 6.162730698322390843e+00 4.952026410844141968e-01 -1.789869205559244114e-02
1.000000000000000000e+00 6.168835620470461301e+00 4.777761805933827821e-01 -1.387563163752032237e-02
1.049999999999999378e+00 6.195006898067209278e+00 4.735324379452694465e-01 -1.245450457542075957e-02
1.099999999999998535e+00 6.198208295667908097e+00 4.779884609609852397e-01 -1.451772019114533352e-02
1.150000000000001465e+00 6.189895349801653346e+00 4.802498707144039480e-01 -1.882709130215100973e-02
1.200000000000000622e+00 6.191527791938747249e+00 4.655523867018419581e-01 -2.475089121901439398e-02
1.250000000000000000e+00 6.184702930172765178e+00 4.615334121527095435e-01 -2.001494300958927067e-02
1.299999999999999378e+00 6.202451660304732606e+00 4.628759961512901033e-01 -1.781923959608136543e-02
1.349999999999998535e+00 6.198103590685820841e+00 4.581895487982350912e-01 -1.160955239266445171e-03
1.400000000000001465e+00 6.188105183180154789e+00 4.571236571004353988e-01 -1.867168587699228124e-02
1.450000000000000622e+00 6.156765269537852525e+00 4.526628661499811912e-01 -2.959548979379371392e-02
1.500000000000000000e+00 6.127739787600450683e+00 4.459104702495879091e-01 -3.037314635518167591e-02
1.549999999999999378e+00 6.091551164793875373e+00 4.465383443977873346e-01 -1.476779508532343604e-02
1.599999999999998535e+00 6.047848126149519388e+00 4.362310924390485067e-01 -1.310116722586466241e-02
1.650000000000001465e+00 6.031908450791127585e+00 4.342389251137770412e-01 -1.852281975229189137e-02
1.700000000000000622e+00 6.029225755388517349e+00 4.399921181940139037e-01 -1.237228443536981734e-02
1.750000000000000000e+00 6.016035229901258496e+00 4.403600909790868490e-01 -3.580555475541446955e-03
1.799999999999999378e+00 6.004298267891349461e+00 4.420669814103097561e-01 -2.660835202701253982e-02
1.849999999999998535e+00 5.965113984892815857e+00 4.418667086746723704e-01 9.387812428028698142e-03
1.900000000000001465e+00 5.929133580808841231e+00 4.459701042463057319e-01 6.429787855148266784e-02
1.950000000000000622e+00 5.942607320476608557e+00 4.546456077641889415e-01 7.894856376537653930e-02
2.000000000000000000e+00 5.954253191110799648e+00 4.666836468819492989e-01 8.293894486110715836e-02
2.049999999999999378e+00 5.963735169278781889e+00 4.726785736496408319e-01 6.580199423568376671e-02
2.099999999999998757e+00 5.969120595887777547e+00 4.831497753782121318e-01 7.398633736671349215e-02
2.150000000000001243e+00 5.949033817393852175e+00 4.851321892872260677e-01 7.417711300162099786e-02
2.200000000000000622e+00 5.911409380252218959e+00 4.754182631365337919e-01 8.693243768291085416e-02
2.250000000000000000e+00 5.899037347215064564e+00 4.773642911772468800e-01 7.504640217269153979e-02
2.299999999999999378e+00 5.906907869126628796e+00 4.839900889918706817e-01 5.511542352961214253e-02
2.349999999999998757e+00 5.939501433722809587e+00 4.857989668062123179e-01 5.133398333197416313e-02
2.400000000000001243e+00 5.966805089394060069e+00 4.929274432433304876e-01 3.275875072312895570e-02
2.450000000000000622e+00 5.979975821532987013e+00 4.911828289803065739e-01 5.367344880354168492e-03
2.500000000000000000e+00 5.998005217212745599e+00 4.876033475653921978e-01 6.219404860291450482e-03
2.549999999999999378e+00 6.019491431012956362e+00 4.909294905682408672e-01 2.079406925560905658e-02
2.599999999999998757e+00 6.063743282681755886e+00 5.039613770738941012e-01 -6.052986515174472310e-03
2.650000000000001243e+00 6.099857193090584495e+00 5.199658550020566095e-01 -3.565860891326763649e-02
2.700000000000000622e+00 6.127361659513261394e+00 5.260197607400908248e-01 -4.876022752735024307e-02
2.750000000000000000e+00 6.137461921810658083e+00 5.112988442076008555e-01 -5.764048113048192423e-02
2.799999999999999378e+00 6.149131501060931093e+00 4.985309787083684885e-01 -6.997042455115343174e-02
2.849999999999998757e+00 6.166566670171195419e+00 4.976987373934543823e-01 -9.005310658092109677e-02
2.900000000000001243e+00 6.181787038862388783e+00 5.025854698991927272e-01 -9.341126012612377405e-02
2.950000000000000622e+00 6.190801859074727354e+00 5.066091981464982963e-01 -7.059907917378759057e-02
3.000000000000000000e+00 6.196367152759478358e+00 5.032947925653080690e-01 -4.836975360883582348e-02
3.049999999999999378e+00 6.198517759959819351e+00 4.969683546596961876e-01 -3.808859334133163355e-02
3.099999999999998757e+00 6.196012961216196935e+00 4.951923345891343642e-01 -3.475214592385159756e-02
3.150000000000001243e+00 6.197955184618103353e+00 4.891022171319807654e-01 -3.859871840595551634e-02
3.200000000000000622e+00 6.213807947292288247e+00 4.796407867618087129e-01 -4.400964969893616380e-02
3.250000000000000000e+00 6.224776660621592406e+00 4.730195097137037119e-01 -3.934256378223488504e-02
3.299999999999999378e+00 6.236645689120832614e+00 4.692892958074499909e-01 -2.081368828338673108e-02
3.349999999999998757e+00 6.253406307393202468e+00 4.674291279053193193e-01 -9.433442716146770574e-03
3.400000000000001243e+00 6.260911968631241109e+00 4.682884581269203816e-01 1.825585878050151696e-03
3.450000000000000622e+00 6.262899658074355003e+00 4.697353740657108645e-01 1.681388572095160461e-02
3.500000000000000000e+00 6.269123016381993985e+00 4.661630979999963342e-01 3.582294584796285458e-02
3.549999999999999378e+00 6.263064276495619254e+00 4.597447438439178358e-01 5.360534280838148702e-02
3.599999999999998757e+00 6.244836399493395085e+00 4.561542799314680652e-01 5.049926197372141268e-02
3.650000000000001243e+00 6.218722433247025450e+00 4.583038215660890091e-01 4.864875197829097303e-02
3.700000000000000622e+00 6.204677087420328974e+00 4.617086234805019562e-01 5.578653530761863016e-02
3.750000000000000000e+00 6.201820669239516803e+00 4.621780440612995311e-01 6.393759681770695702e-02
3.799999999999999378e+00 6.218750909822111872e+00 4.656873471839115264e-01 7.193209868133022822e-02
3.849999999999998757e+00 6.244489307157492064e+00 4.763287636032271233e-01 7.542659489301493936e-02
3.900000000000001243e+00 6.248347136300122173e+00 4.841148053557701725e-01 7.101305646733123422e-02
3.950000000000000622e+00 6.241949307186913209e+00 4.857893590098132375e-01 5.493129739653429544e-02
4.000000000000000000e+00 6.248048094777320927e+00 4.823991621192416090e-01 3.139014427529946555e-02
