# X VX VY VY VZ
-1.020000000000000000e+03 -8.708351900656137179e-01 8.994198389130446003e+00 8.994198389130446003e+00
-1.010000000000000000e+03 -8.681659413977075301e-01 8.991856122521589612e+00 8.991856122521589612e+00
-1.000000000000000000e+03 -8.655594743122898560e-01 8.985909425289792196e+00 8.985909425289792196e+00
-9.900000000000000000e+02 -8.616418090343709313e-01 8.982337577015906405e+00 8.982337577015906405e+00
-9.800000000000000000e+02 -8.567410802408473858e-01 8.977988595470081989e+00 8.977988595470081989e+00
-9.700000000000000000e+02 -8.492275962091276886e-01 8.974312385707168715e+00 8.974312385707168715e+00
-9.600000000000000000e+02 -8.416309983546162998e-01 8.972987406036827096e+00 8.972987406036827096e+00
-9.500000000000000000e+02 -8.328757018726790085e-01 8.971697590876955175e+00 8.971697590876955175e+00
-9.400000000000000000e+02 -8.256889224943899652e-01 8.973978656140380039e+00 8.973978656140380039e+00
-9.300000000000000000e+02 -8.171087432929621253e-01 8.975837516909237479e+00 8.975837516909237479e+00
-9.200000000000000000e+02 -8.128304719819929858e-01 8.980553359725147899e+00 8.980553359725147899e+00
-9.100000000000000000e+02 -8.094425425600665358e-01 8.983774404802163716e+00 8.983774404802163716e+00
-9.000000000000000000e+02 -8.073337983686388331e-01 8.986598636969524989e+00 8.986598636969524989e+00
-8.900000000000000000e+02 -8.047045889291779552e-01 8.988867690590542026e+00 8.988867690590542026e+00
-8.800000000000000000e+02 -8.023462502822445996e-01 8.990515667976929137e+00 8.990515667976929137e+00
-8.700000000000000000e+02 -8.000912871578607088e-01 8.992185079331051156e+00 8.992185079331051156e+00
-8.600000000000000000e+02 -7.981863423656500034e-01 8.993023134737924806e+00 8.993023134737924806e+00
-8.500000000000000000e+02 -7.982730761993739321e-01 8.994771055921797043e+00 8.994771055921797043e+00
-8.400000000000000000e+02 -7.982663543392869432e-01 8.995170433553237643e+00 8.995170433553237643e+00
-8.300000000000000000e+02 -7.995811025658211557e-01 8.995738601970934667e+00 8.995738601970934667e+00
-8.200000000000000000e+02 -8.005215122818122309e-01 8.993733521683722643e+00 8.993733521683722643e+00
-8.100000000000000000e+02 -8.011412105456291455e-01 8.990768259040510912e+00 8.990768259040510912e+00
-8.000000000000000000e+02 -8.012382423963951839e-01 8.987596354139572696e+00 8.987596354139572696e+00
-7.900000000000000000e+02 -8.008539824077837155e-01 8.983830348108281072e+00 8.983830348108281072e+00
-7.800000000000000000e+02 -7.998354795932109962e-01 8.980547633591934087e+00 8.980547633591934087e+00
-7.700000000000000000e+02 -7.989054615876614029e-01 8.977301181506710748e+00 8.977301181506710748e+00
-7.600000000000000000e+02 -7.977337807589872654e-01 8.974227082752864959e+00 8.974227082752864959e+00
-7.500000000000000000e+02 -7.963347816941986901e-01 8.970023687469867113e+00 8.970023687469867113e+00
-7.400000000000000000e+02 -7.945851419807050675e-01 8.965155235898128794e+00 8.965155235898128794e+00
-7.300000000000000000e+02 -7.915903948931810596e-01 8.959143821231565497e+00 8.959143821231565497e+00
-7.200000000000000000e+02 -7.876804727729694866e-01 8.952596561834900157e+00 8.952596561834900157e+00
-7.100000000000000000e+02 -7.825433922600679715e-01 8.944798062878314582e+00 8.944798062878314582e+00
-7.000000000000000000e+02 -7.763934261426040928e-01 8.936917808815241671e+00 8.936917808815241671e+00
-6.900000000000000000e+02 -7.696445232936729441e-01 8.934449920355010732e+00 8.934449920355010732e+00
-6.800000000000000000e+02 -7.633269028679875445e-01 8.936706220788712685e+00 8.936706220788712685e+00
-6.700000000000000000e+02 -7.575676802738221527e-01 8.940412638136903567e+00 8.940412638136903567e+00
-6.600000000000000000e+02 -7.532168093123710051e-01 8.944862244578359878e+00 8.944862244578359878e+00
-6.500000000000000000e+02 -7.496019822412159916e-01 8.949995204151766970e+00 8.949995204151766970e+00
-6.400000000000000000e+02 -7.460428352181315281e-01 8.954742354781835445e+00 8.954742354781835445e+00
-6.300000000000000000e+02 -7.434107865720886998e-01 8.960156562823510029e+00 8.960156562823510029e+00
-6.200000000000000000e+02 -7.402919405470564929e-01 8.964621061823796921e+00 8.964621061823796921e+00
-6.100000000000000000e+02 -7.385722288473299812e-01 8.970660040121426704e+00 8.970660040121426704e+00
-6.000000000000000000e+02 -7.362635611404136915e-01 8.975178628602085595e+00 8.975178628602085595e+00
-5.900000000000000000e+02 -7.367209165271784155e-01 8.982552193521701867e+00 8.982552193521701867e+00
-5.800000000000000000e+02 -7.359239373669288486e-01 8.985278600580123509e+00 8.985278600580123509e+00
-5.700000000000000000e+02 -7.376889835808567719e-01 8.990156594728198058e+00 8.990156594728198058e+00
-5.600000000000000000e+02 -7.357597302245875159e-01 8.989179821794980541e+00 8.989179821794980541e+00
-5.500000000000000000e+02 -7.359604319324986044e-01 8.991301223183132407e+00 8.991301223183132407e+00
-5.400000000000000000e+02 -7.308550933537361072e-01 8.985874333853152152e+00 8.985874333853152152e+00
-5.300000000000000000e+02 -7.302285637116672223e-01 8.986457410711969018e+00 8.986457410711969018e+00
-5.200000000000000000e+02 -7.238936994105151790e-01 8.979516414000618951e+00 8.979516414000618951e+00
-5.100000000000000000e+02 -7.210444504639994534e-01 8.978893973601770995e+00 8.978893973601770995e+00
-5.000000000000000000e+02 -7.128400490981178228e-01 8.969328751835410785e+00 8.969328751835410785e+00
-4.900000000000000000e+02 -7.083153398930323030e-01 8.968124378324581869e+00 8.968124378324581869e+00
-4.800000000000000000e+02 -6.987245102689019216e-01 8.953256706011496036e+00 8.953256706011496036e+00
-4.700000000000000000e+02 -6.926216137109790782e-01 8.951474195770197539e+00 8.951474195770197539e+00
-4.600000000000000000e+02 -6.825261900707759732e-01 8.932898509597393399e+00 8.932898509597393399e+00
-4.500000000000000000e+02 -6.792044968079947731e-01 8.933430420280435769e+00 8.933430420280435769e+00
-4.400000000000000000e+02 -6.713737715697714048e-01 8.914427674314609362e+00 8.914427674314609362e+00
-4.300000000000000000e+02 -6.666097436602632653e-01 8.916488477512833910e+00 8.916488477512833910e+00
-4.200000000000000000e+02 -6.605717980321813565e-01 8.898407182846421293e+00 8.898407182846421293e+00
-4.100000000000000000e+02 -6.540166701151989281e-01 8.901158335650887210e+00 8.901158335650887210e+00
-4.000000000000000000e+02 -6.471027138097794618e-01 8.883080008368988700e+00 8.883080008368988700e+00
-3.900000000000000000e+02 -6.458288167095033172e-01 8.890179361066044450e+00 8.890179361066044450e+00
-3.800000000000000000e+02 -6.411968638101014362e-01 8.880006297622397682e+00 8.880006297622397682e+00
-3.700000000000000000e+02 -6.383189661983672547e-01 8.878955281070153305e+00 8.878955281070153305e+00
-3.600000000000000000e+02 -6.360981328863075657e-01 8.878164014586870323e+00 8.878164014586870323e+00
-3.500000000000000000e+02 -6.339788592245385601e-01 8.877241538206700255e+00 8.877241538206700255e+00
-3.400000000000000000e+02 -6.303718125054873500e-01 8.873906660094522891e+00 8.873906660094522891e+00
-3.300000000000000000e+02 -6.258973693229921142e-01 8.870613917682737437e+00 8.870613917682737437e+00
-3.200000000000000000e+02 -6.212046914752146209e-01 8.868216755326681522e+00 8.868216755326681522e+00
-3.100000000000000000e+02 -6.168051633205434703e-01 8.865955271134088989e+00 8.865955271134088989e+00
-3.000000000000000000e+02 -6.130131819087565326e-01 8.863450279822439271e+00 8.863450279822439271e+00
-2.900000000000000000e+02 -6.093498859445930504e-01 8.863399531365814710e+00 8.863399531365814710e+00
-2.800000000000000000e+02 -6.063085013302392801e-01 8.867063430796701340e+00 8.867063430796701340e+00
-2.700000000000000000e+02 -6.036704505856279601e-01 8.861117125716015508e+00 8.861117125716015508e+00
-2.600000000000000000e+02 -6.030079187942257724e-01 8.873291523373170619e+00 8.873291523373170619e+00
-2.500000000000000000e+02 -6.047552865650200893e-01 8.882876297818024014e+00 8.882876297818024014e+00
-2.400000000000000000e+02 -6.060475760203357654e-01 8.888478339459101818e+00 8.888478339459101818e+00
-2.300000000000000000e+02 -6.053472079438498854e-01 8.889207676480289422e+00 8.889207676480289422e+00
-2.200000000000000000e+02 -6.028603754934076520e-01 8.886153986441660990e+00 8.886153986441660990e+00
-2.100000000000000000e+02 -5.995837831169448240e-01 8.882391061574359981e+00 8.882391061574359981e+00
-2.000000000000000000e+02 -5.966348110403623117e-01 8.878581488643995101e+00 8.878581488643995101e+00
-1.900000000000000000e+02 -5.932101777491111116e-01 8.876360099572217166e+00 8.876360099572217166e+00
-1.800000000000000000e+02 -5.896050341527395711e-01 8.878140057084610959e+00 8.878140057084610959e+00
-1.700000000000000000e+02 -5.836924453697415194e-01 8.883172218582519264e+00 8.883172218582519264e+00
-1.600000000000000000e+02 -5.739596209604720389e-01 8.887001398633264770e+00 8.887001398633264770e+00
-1.500000000000000000e+02 -5.620089992216602548e-01 8.889868231382038744e+00 8.889868231382038744e+00
-1.400000000000000000e+02 -5.493193024827005555e-01 8.891116647504103909e+00 8.891116647504103909e+00
-1.300000000000000000e+02 -5.378649226029258434e-01 8.891605133866280042e+00 8.891605133866280042e+00
-1.200000000000000000e+02 -5.264518531933441992e-01 8.890332556712495560e+00 8.890332556712495560e+00
-1.100000000000000000e+02 -5.160810565723883414e-01 8.886923255177418213e+00 8.886923255177418213e+00
-1.000000000000000000e+02 -5.089960860698543588e-01 8.881871811845504894e+00 8.881871811845504894e+00
-9.000000000000000000e+01 -5.046126389554632663e-01 8.880583216106876066e+00 8.880583216106876066e+00
-8.000000000000000000e+01 -5.018255338026302859e-01 8.881546630912128037e+00 8.881546630912128037e+00
-7.000000000000000000e+01 -5.017344537210114419e-01 8.881164292508746172e+00 8.881164292508746172e+00
-6.000000000000000000e+01 -5.011616471096764780e-01 8.882561269903618495e+00 8.882561269903618495e+00
-5.000000000000000000e+01 -5.001343810440719295e-01 8.886734438440962336e+00 8.886734438440962336e+00
-4.000000000000000000e+01 -4.980892139286546838e-01 8.892015184214583812e+00 8.892015184214583812e+00
-3.000000000000000000e+01 -4.949580614856661787e-01 8.895282039572792954e+00 8.895282039572792954e+00
-2.000000000000000000e+01 -4.932466991894342567e-01 8.897797165204593739e+00 8.897797165204593739e+00
-1.000000000000000000e+01 -4.922488064017084830e-01 8.904380609175621686e+00 8.904380609175621686e+00
0.000000000000000000e+00 -4.897078549606145303e-01 8.915141667230733091e+00 8.915141667230733091e+00
1.000000000000000000e+01 -4.871125590735339572e-01 8.923009068912268305e+00 8.923009068912268305e+00
2.000000000000000000e+01 -4.878020601088600694e-01 8.927914114084499531e+00 8.927914114084499531e+00
3.000000000000000000e+01 -4.877832881356768957e-01 8.930046144025517663e+00 8.930046144025517663e+00
4.000000000000000000e+01 -4.814497914168821002e-01 8.928714949713137727e+00 8.928714949713137727e+00
5.000000000000000000e+01 -4.731662503444817314e-01 8.924747578767009415e+00 8.924747578767009415e+00
6.000000000000000000e+01 -4.673424159243847464e-01 8.923474807051544389e+00 8.923474807051544389e+00
7.000000000000000000e+01 -4.624178705949139045e-01 8.925071497010288013e+00 8.925071497010288013e+00
8.000000000000000000e+01 -4.622086778288842512e-01 8.925232190878606531e+00 8.925232190878606531e+00
9.000000000000000000e+01 -4.637958451829221063e-01 8.927623016676184520e+00 8.927623016676184520e+00
1.000000000000000000e+02 -4.625726898329184378e-01 8.931560332817527481e+00 8.931560332817527481e+00
1.100000000000000000e+02 -4.591101174737414192e-01 8.936016022215307331e+00 8.936016022215307331e+00
1.200000000000000000e+02 -4.534600925907030788e-01 8.940584283848226121e+00 8.940584283848226121e+00
1.300000000000000000e+02 -4.483717686938646363e-01 8.945559434490592210e+00 8.945559434490592210e+00
1.400000000000000000e+02 -4.462915392981770535e-01 8.950827252080898688e+00 8.950827252080898688e+00
1.500000000000000000e+02 -4.470196250664589255e-01 8.952327459074190585e+00 8.952327459074190585e+00
1.600000000000000000e+02 -4.473146846891057349e-01 8.953974041306274501e+00 8.953974041306274501e+00
1.700000000000000000e+02 -4.535690505756423407e-01 8.957620739471879645e+00 8.957620739471879645e+00
1.800000000000000000e+02 -4.595970472504761761e-01 8.961475428100701635e+00 8.961475428100701635e+00
1.900000000000000000e+02 -4.591545691474089863e-01 8.962354895440901359e+00 8.962354895440901359e+00
2.000000000000000000e+02 -4.613378975876831767e-01 8.958829244433349714e+00 8.958829244433349714e+00
2.100000000000000000e+02 -4.634348612138599610e-01 8.956263204164525149e+00 8.956263204164525149e+00
2.200000000000000000e+02 -4.656182314604854766e-01 8.954672530128624075e+00 8.954672530128624075e+00
2.300000000000000000e+02 -4.702712031726372643e-01 8.956749299993168378e+00 8.956749299993168378e+00
2.400000000000000000e+02 -4.739799721393265219e-01 8.960999097740222297e+00 8.960999097740222297e+00
2.500000000000000000e+02 -4.735381444433292564e-01 8.963870328053143766e+00 8.963870328053143766e+00
2.600000000000000000e+02 -4.735587127932764373e-01 8.967733203013809273e+00 8.967733203013809273e+00
2.700000000000000000e+02 -4.701847718332464732e-01 8.969719366372304492e+00 8.969719366372304492e+00
2.800000000000000000e+02 -4.653301887174323692e-01 8.964681911426424676e+00 8.964681911426424676e+00
2.900000000000000000e+02 -4.618227488725363261e-01 8.968118521917734398e+00 8.968118521917734398e+00
3.000000000000000000e+02 -4.587261561970246704e-01 8.971738730214909197e+00 8.971738730214909197e+00
3.100000000000000000e+02 -4.542066401389062147e-01 8.976702723469816902e+00 8.976702723469816902e+00
3.200000000000000000e+02 -4.501193134237311821e-01 8.982508869497644710e+00 8.982508869497644710e+00
3.300000000000000000e+02 -4.447359934570297435e-01 8.988147807741349027e+00 8.988147807741349027e+00
3.400000000000000000e+02 -4.381078790391069733e-01 8.991225226972622053e+00 8.991225226972622053e+00
3.500000000000000000e+02 -4.309966001758340770e-01 8.990974265366439511e+00 8.990974265366439511e+00
3.600000000000000000e+02 -4.250927215311601781e-01 8.990993686394912032e+00 8.990993686394912032e+00
3.700000000000000000e+02 -4.199203079234014035e-01 8.991038326731194630e+00 8.991038326731194630e+00
3.800000000000000000e+02 -4.155138412493097344e-01 8.991198940158088959e+00 8.991198940158088959e+00
3.900000000000000000e+02 -4.109472856420794407e-01 8.992178292649912308e+00 8.992178292649912308e+00
4.000000000000000000e+02 -4.068781163385996602e-01 8.993661695840444281e+00 8.993661695840444281e+00
4.100000000000000000e+02 -4.029154492531761278e-01 8.995949046885375111e+00 8.995949046885375111e+00
4.200000000000000000e+02 -3.989210069733427622e-01 8.998983093309513848e+00 8.998983093309513848e+00
4.300000000000000000e+02 -3.947556862412618939e-01 9.002012033293674165e+00 9.002012033293674165e+00
4.400000000000000000e+02 -3.902715964809726490e-01 9.005091462939313729e+00 9.005091462939313729e+00
4.500000000000000000e+02 -3.864236655205364190e-01 9.007212860151614819e+00 9.007212860151614819e+00
4.600000000000000000e+02 -3.832988881649235235e-01 9.009871181882088464e+00 9.009871181882088464e+00
4.700000000000000000e+02 -3.809932433602470914e-01 9.011377296136238613e+00 9.011377296136238613e+00
4.800000000000000000e+02 -3.776462317909310973e-01 9.013189436514958075e+00 9.013189436514958075e+00
4.900000000000000000e+02 -3.750795305748664821e-01 9.014137579876980055e+00 9.014137579876980055e+00
5.000000000000000000e+02 -3.717532150872979169e-01 9.015962875356340334e+00 9.015962875356340334e+00
5.100000000000000000e+02 -3.701053902305776466e-01 9.016950335760004265e+00 9.016950335760004265e+00
5.200000000000000000e+02 -3.683973669705822851e-01 9.018912994152545437e+00 9.018912994152545437e+00
5.300000000000000000e+02 -3.685645674441127007e-01 9.019203774660365269e+00 9.019203774660365269e+00
5.400000000000000000e+02 -3.681865631142540729e-01 9.020752185805964274e+00 9.020752185805964274e+00
5.500000000000000000e+02 -3.695854797434108274e-01 9.020552501098439535e+00 9.020552501098439535e+00
5.600000000000000000e+02 -3.703419142674235220e-01 9.022489668906668925e+00 9.022489668906668925e+00
5.700000000000000000e+02 -3.718056705130871054e-01 9.022585336992589689e+00 9.022585336992589689e+00
5.800000000000000000e+02 -3.713765451108566040e-01 9.024408592982519295e+00 9.024408592982519295e+00
5.900000000000000000e+02 -3.705526668191937989e-01 9.023167443222977369e+00 9.023167443222977369e+00
6.000000000000000000e+02 -3.695421785907107570e-01 9.024066844599415660e+00 9.024066844599415660e+00
6.100000000000000000e+02 -3.675349778483311125e-01 9.023377921795745493e+00 9.023377921795745493e+00
6.200000000000000000e+02 -3.657059584216674208e-01 9.024341056024574925e+00 9.024341056024574925e+00
6.300000000000000000e+02 -3.613688774317844188e-01 9.024271652517331432e+00 9.024271652517331432e+00
6.400000000000000000e+02 -3.586148163167201530e-01 9.024753865877718439e+00 9.024753865877718439e+00
6.500000000000000000e+02 -3.527898806316240310e-01 9.025030303169463863e+00 9.025030303169463863e+00
6.600000000000000000e+02 -3.506991178037648371e-01 9.025695258026791734e+00 9.025695258026791734e+00
6.700000000000000000e+02 -3.452069307612989357e-01 9.027810499593106996e+00 9.027810499593106996e+00
6.800000000000000000e+02 -3.438903254549756094e-01 9.030470560960770499e+00 9.030470560960770499e+00
6.900000000000000000e+02 -3.380371166491556445e-01 9.037790401368201998e+00 9.037790401368201998e+00
7.000000000000000000e+02 -3.358648217340358122e-01 9.043421410513808212e+00 9.043421410513808212e+00
7.100000000000000000e+02 -3.303321551765082131e-01 9.050077711105686262e+00 9.050077711105686262e+00
7.200000000000000000e+02 -3.285495460531007161e-01 9.053139312391326854e+00 9.053139312391326854e+00
7.300000000000000000e+02 -3.240235316676083888e-01 9.057756145249673096e+00 9.057756145249673096e+00
7.400000000000000000e+02 -3.225275658736284079e-01 9.057605104110486138e+00 9.057605104110486138e+00
7.500000000000000000e+02 -3.175574987159393014e-01 9.060587722652869047e+00 9.060587722652869047e+00
7.600000000000000000e+02 -3.153770477629943558e-01 9.058018336299712203e+00 9.058018336299712203e+00
7.700000000000000000e+02 -3.093222306165712143e-01 9.059270672658895407e+00 9.059270672658895407e+00
7.800000000000000000e+02 -3.074082310083083858e-01 9.054902156926935675e+00 9.054902156926935675e+00
7.900000000000000000e+02 -3.016928672779069509e-01 9.053924118538370536e+00 9.053924118538370536e+00
8.000000000000000000e+02 -3.017365248167373504e-01 9.050592375730529326e+00 9.050592375730529326e+00
8.100000000000000000e+02 -2.994218995191201826e-01 9.052138958848264139e+00 9.052138958848264139e+00
8.200000000000000000e+02 -2.986958372277613294e-01 9.049636197529814297e+00 9.049636197529814297e+00
8.300000000000000000e+02 -2.962145200469268880e-01 9.049475713291000645e+00 9.049475713291000645e+00
8.400000000000000000e+02 -2.949125430380581947e-01 9.046327828905486257e+00 9.046327828905486257e+00
8.500000000000000000e+02 -2.921057968271942307e-01 9.045476654173695508e+00 9.045476654173695508e+00
8.600000000000000000e+02 -2.895038726776212878e-01 9.043656250041435030e+00 9.043656250041435030e+00
8.700000000000000000e+02 -2.856546953530044730e-01 9.042521437269712692e+00 9.042521437269712692e+00
8.800000000000000000e+02 -2.821510462535308239e-01 9.041490533418313547e+00 9.041490533418313547e+00
8.900000000000000000e+02 -2.789263310509239036e-01 9.040700025682379959e+00 9.040700025682379959e+00
9.000000000000000000e+02 -2.751306026676458294e-01 9.040238087190180849e+00 9.040238087190180849e+00
9.100000000000000000e+02 -2.730043527202988818e-01 9.042754608163850349e+00 9.042754608163850349e+00
9.200000000000000000e+02 -2.728711749385044349e-01 9.050045158617708196e+00 9.050045158617708196e+00
9.300000000000000000e+02 -2.724932206484325103e-01 9.057728898785651239e+00 9.057728898785651239e+00
9.400000000000000000e+02 -2.713257624469576079e-01 9.064494188044527334e+00 9.064494188044527334e+00
9.500000000000000000e+02 -2.695461265694285014e-01 9.069950958023710541e+00 9.069950958023710541e+00
9.600000000000000000e+02 -2.673071605476529111e-01 9.073234401207793454e+00 9.073234401207793454e+00
9.700000000000000000e+02 -2.650038794160384792e-01 9.075205419784952099e+00 9.075205419784952099e+00
9.800000000000000000e+02 -2.625040652390354112e-01 9.074848645809899139e+00 9.074848645809899139e+00
9.900000000000000000e+02 -2.603369905883363700e-01 9.074083760976908053e+00 9.074083760976908053e+00
1.000000000000000000e+03 -2.578096505750601120e-01 9.072255200152335775e+00 9.072255200152335775e+00
1.010000000000000000e+03 -2.550168858256893767e-01 9.070978332697311686e+00 9.070978332697311686e+00
1.020000000000000000e+03 -2.518002536310081640e-01 9.069812871176214486e+00 9.069812871176214486e+00
