# X VX VY VY VZ
-1.020000000000000000e+03 -8.732603346990777116e-01 9.917312902293749843e+00 4.083013265991641827e-02
-1.010000000000000000e+03 -8.724092655192614565e-01 9.924664301712624592e+00 3.770900808450710490e-02
-1.000000000000000000e+03 -8.710847914820776250e-01 9.931302738920869899e+00 3.533858240924150906e-02
-9.900000000000000000e+02 -8.695965219185386452e-01 9.937177810582346282e+00 3.410292425523300808e-02
-9.800000000000000000e+02 -8.677899277560189306e-01 9.941085091809116037e+00 3.379132394548099022e-02
-9.700000000000000000e+02 -8.661815147499972722e-01 9.945863710985884509e+00 3.339722429463917730e-02
-9.600000000000000000e+02 -8.634033749021146065e-01 9.950673001664664952e+00 3.282661743856415265e-02
-9.500000000000000000e+02 -8.601525818601925000e-01 9.954953566730200265e+00 3.224683557875541312e-02
-9.400000000000000000e+02 -8.573663131949464944e-01 9.959024562079671128e+00 3.127107967856133236e-02
-9.300000000000000000e+02 -8.555055947734779842e-01 9.963508100331605277e+00 3.018165156478729017e-02
-9.200000000000000000e+02 -8.532304236465404479e-01 9.968278393253173775e+00 2.901459587899624104e-02
-9.100000000000000000e+02 -8.505535826480448147e-01 9.971922123646974612e+00 2.755439860199693225e-02
-9.000000000000000000e+02 -8.480595672866744206e-01 9.974923772507930053e+00 2.600816626254505784e-02
-8.900000000000000000e+02 -8.444543728511558767e-01 9.977940822858597514e+00 2.461980244751410529e-02
-8.800000000000000000e+02 -8.400257250304307144e-01 9.980909856506389843e+00 2.237481455809423730e-02
-8.700000000000000000e+02 -8.380349838956245856e-01 9.983862977956102114e+00 2.040465548507082102e-02
-8.600000000000000000e+02 -8.395296843860726721e-01 9.987497783413353147e+00 1.978304952911991849e-02
-8.500000000000000000e+02 -8.420943300798759967e-01 9.992184131671251635e+00 1.923819311394371970e-02
-8.400000000000000000e+02 -8.443714478784561939e-01 9.996727609573865081e+00 1.847551116976591315e-02
-8.300000000000000000e+02 -8.451666995149621497e-01 1.000092916808815247e+01 1.812098178748825991e-02
-8.200000000000000000e+02 -8.451713528837903056e-01 1.000684955776359786e+01 1.740607233348192423e-02
-8.100000000000000000e+02 -8.454585748497902564e-01 1.000771344497383275e+01 1.864670505125278627e-02
-8.000000000000000000e+02 -8.456582147491291668e-01 1.000682693897540254e+01 2.114005073211554231e-02
-7.900000000000000000e+02 -8.453949278743166929e-01 1.000600388792426543e+01 2.361910170021446626e-02
-7.800000000000000000e+02 -8.446038975317428088e-01 1.000516391801505378e+01 2.553986347911431365e-02
-7.700000000000000000e+02 -8.440559507725049482e-01 1.000525553548414592e+01 2.739083916193649562e-02
-7.600000000000000000e+02 -8.441569054797519733e-01 1.000613655610259123e+01 2.922491568770336709e-02
-7.500000000000000000e+02 -8.444860622736347633e-01 1.000540480102877439e+01 3.039350522229026380e-02
-7.400000000000000000e+02 -8.449172975872917268e-01 1.000332103355068725e+01 3.167765062111158741e-02
-7.300000000000000000e+02 -8.454567072235674718e-01 9.999715464922173780e+00 3.300920460006372820e-02
-7.200000000000000000e+02 -8.467600737928648869e-01 9.995383624754150986e+00 3.453528805298612669e-02
-7.100000000000000000e+02 -8.486533743150491693e-01 9.991241108942846338e+00 3.663272431667954909e-02
-7.000000000000000000e+02 -8.511077842384242587e-01 9.989094887846155402e+00 3.799262042632185754e-02
-6.900000000000000000e+02 -8.538874535820096812e-01 9.988704939003188343e+00 3.742625127743359759e-02
-6.800000000000000000e+02 -8.563392274044528962e-01 9.988281720408052067e+00 3.603920699115740339e-02
-6.700000000000000000e+02 -8.590436653501176689e-01 9.987759275041602436e+00 3.428752467221861389e-02
-6.600000000000000000e+02 -8.624352608270190457e-01 9.986950344206050545e+00 3.230610042749398197e-02
-6.500000000000000000e+02 -8.666049766960877143e-01 9.986028567838346248e+00 3.035356962061983022e-02
-6.400000000000000000e+02 -8.690095582237703509e-01 9.983154387445376088e+00 3.144992816456500251e-02
-6.300000000000000000e+02 -8.705770288473174690e-01 9.979174660309467981e+00 3.391025448546752113e-02
-6.200000000000000000e+02 -8.724121984716898259e-01 9.974850992278513573e+00 3.568292171546280644e-02
-6.100000000000000000e+02 -8.746564554669649105e-01 9.969897252693948886e+00 3.721711596939304006e-02
-6.000000000000000000e+02 -8.779821164140829692e-01 9.965103675751450396e+00 3.871738259411407201e-02
-5.900000000000000000e+02 -8.823326519065529672e-01 9.960540831364740555e+00 3.990723752675808672e-02
-5.800000000000000000e+02 -8.825743009464205313e-01 9.958513246679554953e+00 4.098555612691954370e-02
-5.700000000000000000e+02 -8.804404542076086360e-01 9.957272624973949604e+00 4.253582929106564103e-02
-5.600000000000000000e+02 -8.784634069544746682e-01 9.954857255132418814e+00 4.467297236123104337e-02
-5.500000000000000000e+02 -8.758214489875107978e-01 9.951610527217859214e+00 4.674733256953254867e-02
-5.400000000000000000e+02 -8.735047789734381452e-01 9.947895168560606294e+00 4.827473635844617417e-02
-5.300000000000000000e+02 -8.722440070138857138e-01 9.945814865166200391e+00 4.873610797590394866e-02
-5.200000000000000000e+02 -8.724374614768748426e-01 9.946399317270797624e+00 4.845428799799408881e-02
-5.100000000000000000e+02 -8.731910035642961310e-01 9.947058839998167201e+00 4.859494278268979006e-02
-5.000000000000000000e+02 -8.741733273061979004e-01 9.946837555616365734e+00 4.931075855547487757e-02
-4.900000000000000000e+02 -8.752634172184449168e-01 9.947059042932448136e+00 4.982595654237303995e-02
-4.800000000000000000e+02 -8.753826089607823491e-01 9.946735651226790154e+00 5.028878700893062159e-02
-4.700000000000000000e+02 -8.737682342458672480e-01 9.947592402452846372e+00 5.001704078681298848e-02
-4.600000000000000000e+02 -8.716799722097863246e-01 9.950750507867178740e+00 4.940608525280137941e-02
-4.500000000000000000e+02 -8.704246130857259400e-01 9.954281284782544148e+00 4.928016640279746924e-02
-4.400000000000000000e+02 -8.691285339632475182e-01 9.957906679564125341e+00 4.941104549878089919e-02
-4.300000000000000000e+02 -8.677249495990428940e-01 9.961605035068327396e+00 4.948713500551882305e-02
-4.200000000000000000e+02 -8.663958591326629266e-01 9.965643554199957066e+00 4.851606569714951578e-02
-4.100000000000000000e+02 -8.649715114945940586e-01 9.964496270020987367e+00 4.714638781295341780e-02
-4.000000000000000000e+02 -8.636757913483625870e-01 9.958628190158160365e+00 4.620336044389411478e-02
-3.900000000000000000e+02 -8.624881232824811450e-01 9.954514183887473777e+00 4.617037759871786551e-02
-3.800000000000000000e+02 -8.615755681129794175e-01 9.949414572898037434e+00 4.674141357369004240e-02
-3.700000000000000000e+02 -8.612636953037597909e-01 9.942938098313643280e+00 4.821056147624797061e-02
-3.600000000000000000e+02 -8.621075579308244974e-01 9.936127225865226009e+00 5.001924040304867730e-02
-3.500000000000000000e+02 -8.626166943252211450e-01 9.930392859754665125e+00 5.026635438648099918e-02
-3.400000000000000000e+02 -8.617144127285076838e-01 9.925254863755501589e+00 5.006827854505511294e-02
-3.300000000000000000e+02 -8.609883446976032140e-01 9.920878466012190700e+00 5.085755963142052360e-02
-3.200000000000000000e+02 -8.603195108779042588e-01 9.914991468417994724e+00 5.205492588613074012e-02
-3.100000000000000000e+02 -8.599766718788643960e-01 9.902917161880752772e+00 5.253751779544243994e-02
-3.000000000000000000e+02 -8.601636277198994041e-01 9.895506036317826215e+00 5.317885758193162393e-02
-2.900000000000000000e+02 -8.622873132211467118e-01 9.896536875464111205e+00 5.268128268915346635e-02
-2.800000000000000000e+02 -8.637189069331193680e-01 9.895917983041519150e+00 5.252382664589298755e-02
-2.700000000000000000e+02 -8.649963645500511333e-01 9.892957772550161621e+00 5.247179259679341651e-02
-2.600000000000000000e+02 -8.687875774737876533e-01 9.887740479618205569e+00 5.199579923969402384e-02
-2.500000000000000000e+02 -8.712402528971476823e-01 9.881301515684201675e+00 5.215191974556228349e-02
-2.400000000000000000e+02 -8.741915100722839060e-01 9.876386684699310692e+00 5.177777239436928691e-02
-2.300000000000000000e+02 -8.795130364710586068e-01 9.875975574967455373e+00 5.116036148139914419e-02
-2.200000000000000000e+02 -8.827838520640162168e-01 9.871988512336859145e+00 5.106215327049794250e-02
-2.100000000000000000e+02 -8.857829313277013616e-01 9.863458990411624328e+00 5.102533067699152602e-02
-2.000000000000000000e+02 -8.887436430605742954e-01 9.852094155763623462e+00 5.252040982002306041e-02
-1.900000000000000000e+02 -8.910648129619024305e-01 9.839957483319041742e+00 5.424602406366910157e-02
-1.800000000000000000e+02 -8.938715328779076597e-01 9.825381608496931207e+00 5.517873486537051841e-02
-1.700000000000000000e+02 -8.960489891843079757e-01 9.809200152990431576e+00 5.660662128321124892e-02
-1.600000000000000000e+02 -8.969255077396918185e-01 9.790447693313483413e+00 5.774677945861077244e-02
-1.500000000000000000e+02 -8.970494017270974618e-01 9.770688712825624123e+00 5.778412151081817327e-02
-1.400000000000000000e+02 -8.966763623368765312e-01 9.748921422385953051e+00 5.740544884642240914e-02
-1.300000000000000000e+02 -8.951549049763860566e-01 9.722024992939141796e+00 5.683719486683245364e-02
-1.200000000000000000e+02 -8.916221186174854152e-01 9.692421982998386198e+00 5.716846255329578047e-02
-1.100000000000000000e+02 -8.868188310469123925e-01 9.657543636350936822e+00 5.721091973297579708e-02
-1.000000000000000000e+02 -8.815986445009320605e-01 9.618114112779492686e+00 5.646146111968084608e-02
-9.000000000000000000e+01 -8.758494095017607117e-01 9.577922260623825679e+00 5.519264884163949114e-02
-8.000000000000000000e+01 -8.697161406604034806e-01 9.523129850324503209e+00 5.361699750138244902e-02
-7.000000000000000000e+01 -8.621131919837411450e-01 9.449627758652795251e+00 5.219344229434800392e-02
-6.000000000000000000e+01 -8.513628196602340825e-01 9.349854400347368255e+00 5.114607248403252315e-02
-5.000000000000000000e+01 -8.394983947793051016e-01 9.223055451417257800e+00 5.176608624860449398e-02
-4.000000000000000000e+01 -8.256852786929136379e-01 9.073470705142195669e+00 5.663038711999374142e-02
-3.000000000000000000e+01 -8.079268685361371549e-01 8.897961180813270587e+00 6.944357635392960082e-02
-2.000000000000000000e+01 -7.881070826025994291e-01 8.723869898751230423e+00 9.065632132902111395e-02
-1.000000000000000000e+01 -7.556909648920993039e-01 8.736941688578918175e+00 1.136201891816875781e-01
0.000000000000000000e+00 -7.568222843940987099e-01 8.620238919186252957e+00 9.309812902941380641e-02
1.000000000000000000e+01 -7.450199188693755747e-01 8.199326510504667098e+00 8.575197319543584329e-02
2.000000000000000000e+01 -7.369365279962825088e-01 8.068780507825776382e+00 9.974773685134821766e-02
3.000000000000000000e+01 -7.336588395834798826e-01 8.083751899993854906e+00 1.179135498192073195e-01
4.000000000000000000e+01 -7.230293020530497161e-01 8.004633577334788086e+00 1.289444838411759608e-01
5.000000000000000000e+01 -7.231426844534978304e-01 7.987098564332461237e+00 1.361836386339056459e-01
6.000000000000000000e+01 -7.224342911388897948e-01 7.972466186457404902e+00 1.364093292275002089e-01
7.000000000000000000e+01 -7.174946194378371001e-01 7.928144274140200842e+00 1.309180698432820533e-01
8.000000000000000000e+01 -7.148992618276657218e-01 7.869075348715735885e+00 1.230507378395442469e-01
9.000000000000000000e+01 -7.104029281256548645e-01 7.796528335130676446e+00 1.124370057118339455e-01
1.000000000000000000e+02 -7.105143581527236796e-01 7.719767873258060575e+00 9.725995269415405042e-02
1.100000000000000000e+02 -7.106473408106304124e-01 7.633583299050165749e+00 8.934776809665957720e-02
1.200000000000000000e+02 -7.105226229396361948e-01 7.547653013609924244e+00 8.234990178637555114e-02
1.300000000000000000e+02 -7.099280224457501509e-01 7.469122170186091481e+00 7.594402730522273326e-02
1.400000000000000000e+02 -7.026986824883957317e-01 7.387854786214416158e+00 7.284453714219195353e-02
1.500000000000000000e+02 -6.950466211413182105e-01 7.311933261121707162e+00 6.552375121810821712e-02
1.600000000000000000e+02 -6.835063795706184386e-01 7.242890231385596067e+00 5.889340704138665283e-02
1.700000000000000000e+02 -6.698256752494893274e-01 7.169043389228582086e+00 5.857234927856937862e-02
1.800000000000000000e+02 -6.575734500127828897e-01 7.100186505690247785e+00 5.903750274950978622e-02
1.900000000000000000e+02 -6.455436618588448194e-01 7.030317818785316142e+00 6.104274749426469998e-02
2.000000000000000000e+02 -6.399147022349631619e-01 6.958405715343892517e+00 6.447381167566793025e-02
2.100000000000000000e+02 -6.380563666047653903e-01 6.889021187536085833e+00 6.566786911897663781e-02
2.200000000000000000e+02 -6.387022415846718149e-01 6.833632795902430779e+00 5.894603111653413940e-02
2.300000000000000000e+02 -6.405484144668759372e-01 6.787396896222183784e+00 5.065098503493268428e-02
2.400000000000000000e+02 -6.423347388396187796e-01 6.746570387422529791e+00 4.058417207591095976e-02
2.500000000000000000e+02 -6.392846142319018599e-01 6.700070547009974398e+00 4.571200171234163223e-02
2.600000000000000000e+02 -6.354314551975668302e-01 6.655811248256467749e+00 5.204782906803999409e-02
2.700000000000000000e+02 -6.300120001781392975e-01 6.613525493673927613e+00 5.673811212042810526e-02
2.800000000000000000e+02 -6.288269328112262579e-01 6.571104724874967218e+00 6.515440614228801275e-02
2.900000000000000000e+02 -6.319654809951066321e-01 6.532377099314102153e+00 7.171293335792279511e-02
3.000000000000000000e+02 -6.314500773836720926e-01 6.500686203566334420e+00 7.545635162762957815e-02
3.100000000000000000e+02 -6.300973512644141294e-01 6.473574569972967652e+00 7.493004260100506742e-02
3.200000000000000000e+02 -6.264054441918222027e-01 6.443409344730479660e+00 7.509735596370285815e-02
3.300000000000000000e+02 -6.270796091767583125e-01 6.416225944822004479e+00 6.811554212337446457e-02
3.400000000000000000e+02 -6.220828929423098952e-01 6.388220389780173036e+00 6.745100962317540638e-02
3.500000000000000000e+02 -6.169459483086254803e-01 6.362083728632014434e+00 7.074377264977793622e-02
3.600000000000000000e+02 -6.157571121074185694e-01 6.342076451769498746e+00 7.079637791621053167e-02
3.700000000000000000e+02 -6.148517584874397812e-01 6.325392928775172230e+00 7.139642302596957424e-02
3.800000000000000000e+02 -6.145382624973506624e-01 6.310617384705389910e+00 7.370693639573797085e-02
3.900000000000000000e+02 -6.120064245740804987e-01 6.298561511882510011e+00 7.654025350761492485e-02
4.000000000000000000e+02 -6.078142533004755599e-01 6.288248354462115941e+00 7.690116677535621670e-02
4.100000000000000000e+02 -6.033510114645992406e-01 6.277124703642747328e+00 7.677821506433618604e-02
4.200000000000000000e+02 -5.986021196807282951e-01 6.265409455125807270e+00 7.698394538988263813e-02
4.300000000000000000e+02 -5.930363729862651034e-01 6.254464605414680634e+00 7.707035177401551362e-02
4.400000000000000000e+02 -5.876513692252780530e-01 6.243693230207459699e+00 7.882653088721131018e-02
4.500000000000000000e+02 -5.831641793158821585e-01 6.239092414771161721e+00 8.005754648476381963e-02
4.600000000000000000e+02 -5.783021959909980803e-01 6.237193341785447487e+00 7.986247656585089560e-02
4.700000000000000000e+02 -5.742660208320331527e-01 6.231276855642985169e+00 8.042778529944558108e-02
4.800000000000000000e+02 -5.712639454386542193e-01 6.224598234694335375e+00 7.961506417458168172e-02
4.900000000000000000e+02 -5.679900269746588348e-01 6.216869963087839679e+00 7.733441284946830641e-02
5.000000000000000000e+02 -5.646024399098648061e-01 6.210812299840351436e+00 7.525955566585383616e-02
5.100000000000000000e+02 -5.613198267867622882e-01 6.212217220426366815e+00 7.219123456739955091e-02
5.200000000000000000e+02 -5.597080847152773320e-01 6.216388706104511996e+00 6.889382070706302763e-02
5.300000000000000000e+02 -5.595747768790765297e-01 6.216893528947184500e+00 6.637699784454137442e-02
5.400000000000000000e+02 -5.590472192305677712e-01 6.216867098847034256e+00 6.447769986672965969e-02
5.500000000000000000e+02 -5.588881854573228836e-01 6.216880609510965883e+00 6.352145113935303566e-02
5.600000000000000000e+02 -5.588599870979059636e-01 6.218541050755507449e+00 6.211245283893759156e-02
5.700000000000000000e+02 -5.574303798619644201e-01 6.222635729702621354e+00 6.009377855784459738e-02
5.800000000000000000e+02 -5.559158233924970105e-01 6.225616655414073719e+00 5.922699858603010931e-02
5.900000000000000000e+02 -5.543951629630844424e-01 6.226822465680364793e+00 5.953927088724268735e-02
6.000000000000000000e+02 -5.516800955682584773e-01 6.228465631129270541e+00 6.140132761037947473e-02
6.100000000000000000e+02 -5.477376167992167311e-01 6.230436098445966131e+00 6.379399580672794057e-02
6.200000000000000000e+02 -5.416944419407854205e-01 6.238558736878107247e+00 6.269711096625638080e-02
6.300000000000000000e+02 -5.339269818918260802e-01 6.256668215226623531e+00 5.744933737948513391e-02
6.400000000000000000e+02 -5.277761824299133098e-01 6.272374676386352377e+00 5.448170349886830022e-02
6.500000000000000000e+02 -5.235249836774186205e-01 6.286578627887029036e+00 5.342299173154960862e-02
6.600000000000000000e+02 -5.204389560144010440e-01 6.299521713767996189e+00 5.383063039946983652e-02
6.700000000000000000e+02 -5.171268373791773065e-01 6.311576832470734644e+00 5.391980008919852047e-02
6.800000000000000000e+02 -5.142403987387117459e-01 6.323470231979553269e+00 5.413038350003852861e-02
6.900000000000000000e+02 -5.125734115722274664e-01 6.337322899879021421e+00 5.544683195515837104e-02
7.000000000000000000e+02 -5.118114200277141812e-01 6.353500250519966031e+00 5.633703662923451178e-02
7.100000000000000000e+02 -5.133054057042396590e-01 6.371049867485059970e+00 5.779091464748858931e-02
7.200000000000000000e+02 -5.179227197018464457e-01 6.389006026077179712e+00 6.099355382214718263e-02
7.300000000000000000e+02 -5.229211725175331171e-01 6.408506163008655498e+00 6.430448848073092027e-02
7.400000000000000000e+02 -5.236608543380055769e-01 6.434802950097243901e+00 6.576921398043851508e-02
7.500000000000000000e+02 -5.219574707076635178e-01 6.462534899825771006e+00 6.690700926886646027e-02
7.600000000000000000e+02 -5.200212047283495620e-01 6.488930872398777083e+00 6.896831230902342180e-02
7.700000000000000000e+02 -5.175067672217350534e-01 6.515022336678438997e+00 7.155568687776438230e-02
7.800000000000000000e+02 -5.133771420992220280e-01 6.541726245130673689e+00 7.196002543109882021e-02
7.900000000000000000e+02 -5.091146674184221510e-01 6.571113765858890510e+00 6.961062881550829362e-02
8.000000000000000000e+02 -5.078318695479335787e-01 6.607397274297982293e+00 6.631753383061697593e-02
8.100000000000000000e+02 -5.075513643956260923e-01 6.638732076371764101e+00 6.499274136540549029e-02
8.200000000000000000e+02 -5.063498916927202664e-01 6.667252275121664518e+00 6.374706120121813313e-02
8.300000000000000000e+02 -5.042668028836940763e-01 6.694147653854619406e+00 6.245109452018227092e-02
8.400000000000000000e+02 -5.031414420959257061e-01 6.720181802667447357e+00 6.075106314225306448e-02
8.500000000000000000e+02 -5.030085637099125373e-01 6.749467104741622592e+00 5.711018389119919270e-02
8.600000000000000000e+02 -5.030104180319985296e-01 6.785040525135652700e+00 5.278184427931096462e-02
8.700000000000000000e+02 -5.044684790143028064e-01 6.815799980077758669e+00 5.003158816939295983e-02
8.800000000000000000e+02 -5.066986897176474214e-01 6.843093211090959471e+00 4.778315423062108602e-02
8.900000000000000000e+02 -5.089390725315054986e-01 6.866625863534744134e+00 4.484501496096570533e-02
9.000000000000000000e+02 -5.120461818430236400e-01 6.887214342731355465e+00 4.240570868028093604e-02
9.100000000000000000e+02 -5.142810276574065753e-01 6.904983354510546789e+00 4.262966480331534247e-02
9.200000000000000000e+02 -5.141728709431062638e-01 6.920843300643478635e+00 4.480881879712446392e-02
9.300000000000000000e+02 -5.131695300018506156e-01 6.933432452472005458e+00 4.837807986642213287e-02
9.400000000000000000e+02 -5.126304145821125591e-01 6.944345336854572004e+00 5.166323098910018813e-02
9.500000000000000000e+02 -5.125583916477270963e-01 6.955920975911791260e+00 5.399212179669010681e-02
9.600000000000000000e+02 -5.124744870714786904e-01 6.969263740959890541e+00 5.484008472884194935e-02
9.700000000000000000e+02 -5.154552105892309388e-01 6.993109988191680948e+00 5.481532261694032487e-02
9.800000000000000000e+02 -5.175251133206654197e-01 7.015491518990789821e+00 5.652493590356071768e-02
9.900000000000000000e+02 -5.167884580334402012e-01 7.034973684817709128e+00 5.965793432978321736e-02
1.000000000000000000e+03 -5.127894920717628313e-01 7.052864381766824842e+00 6.312684079314147267e-02
1.010000000000000000e+03 -5.075504202856072622e-01 7.069569746234871666e+00 6.694996356703082629e-02
1.020000000000000000e+03 -5.051776773178854318e-01 7.086656471657737377e+00 7.073701779328279982e-02
