# Y/D TKEres TKEsgs TKEtot
-4.000000000000000000e+00 2.453146157746609879e-01 1.389725907741932824e-02 2.592118748520803040e-01
-3.950000000000000622e+00 2.574351106847645454e-01 1.396100310113449795e-02 2.713961137858990624e-01
-3.900000000000001243e+00 2.636021020981014762e-01 1.415300234143541253e-02 2.777551044395368818e-01
-3.849999999999998757e+00 2.694746879306573195e-01 1.431234082767232109e-02 2.837870287583296181e-01
-3.799999999999999378e+00 2.636931921873468254e-01 1.421880100557393681e-02 2.779119931929207588e-01
-3.750000000000000000e+00 2.530884594997521719e-01 1.378173978912479621e-02 2.668701992888769525e-01
-3.700000000000000622e+00 2.486827258417202979e-01 1.305324473073679603e-02 2.617359705724571217e-01
-3.650000000000001243e+00 2.445532427008647869e-01 1.231560555944698904e-02 2.568688482603117551e-01
-3.599999999999998757e+00 2.468401858346436495e-01 1.197358476677870022e-02 2.588137706014223549e-01
-3.549999999999999378e+00 2.591013994663545761e-01 1.193683022185325522e-02 2.710382296882078434e-01
-3.500000000000000000e+00 2.684337581950235752e-01 1.195052291956830333e-02 2.803842811145919045e-01
-3.450000000000000622e+00 2.802746850781833166e-01 1.213406768311585220e-02 2.924087527612991844e-01
-3.400000000000001243e+00 2.876425778542670564e-01 1.244411453476531627e-02 3.000866923890323501e-01
-3.349999999999998757e+00 2.866627184040173582e-01 1.231144136106739062e-02 2.989741597650847349e-01
-3.299999999999999378e+00 2.838166356952241953e-01 1.219904420897217553e-02 2.960156799041963605e-01
-3.250000000000000000e+00 2.790524688785264718e-01 1.210714783423114116e-02 2.911596167127575852e-01
-3.200000000000000622e+00 2.701438103063698026e-01 1.216331086780650557e-02 2.823071211741763342e-01
-3.150000000000001243e+00 2.613766740267247091e-01 1.217740704679837714e-02 2.735540810735230810e-01
-3.099999999999998757e+00 2.502523158955210492e-01 1.200340426339379166e-02 2.622557201589148512e-01
-3.049999999999999378e+00 2.406486384271880885e-01 1.153026092990931499e-02 2.521788993570974191e-01
-3.000000000000000000e+00 2.302550292863193016e-01 1.118694578780418843e-02 2.414419750741234882e-01
-2.950000000000000622e+00 2.308511007878300270e-01 1.110943589793066989e-02 2.419605366857607021e-01
-2.900000000000001243e+00 2.338739415867051585e-01 1.126020683952642758e-02 2.451341484262315740e-01
-2.849999999999998757e+00 2.376071094451824017e-01 1.171306848777676005e-02 2.493201779329591583e-01
-2.799999999999999378e+00 2.407002603183385769e-01 1.211843365110090720e-02 2.528186939694394564e-01
-2.750000000000000000e+00 2.440405494175533208e-01 1.193931799849864452e-02 2.559798674160519427e-01
-2.700000000000000622e+00 2.431797365745083650e-01 1.170211623281209104e-02 2.548818528073204526e-01
-2.650000000000001243e+00 2.519442092430696500e-01 8.663509567563136907e-03 2.606077188106327713e-01
-2.599999999999998757e+00 2.408157439955874723e-01 7.023282954324526137e-03 2.478390269499120002e-01
-2.549999999999999378e+00 2.323819449500622025e-01 6.440463843482406754e-03 2.388224087935446049e-01
-2.500000000000000000e+00 2.244369709733975982e-01 6.124401115585338846e-03 2.305613720889829465e-01
-2.450000000000000622e+00 2.203864971554897467e-01 5.890326643761415251e-03 2.262768237992511533e-01
-2.400000000000001243e+00 2.208517451609503246e-01 5.904584652408044303e-03 2.267563298133583594e-01
-2.349999999999998757e+00 2.345497198049444343e-01 5.694938076989329058e-03 2.402446578819337764e-01
-2.299999999999999378e+00 2.366068636833745797e-01 5.662595612149942149e-03 2.422694592955245141e-01
-2.250000000000000000e+00 2.489146633239352480e-01 5.653275760891633694e-03 2.545679390848268886e-01
-2.200000000000000622e+00 2.528175889649692532e-01 5.879210950100678852e-03 2.586967999150699415e-01
-2.150000000000001243e+00 2.436674137674107177e-01 5.861610692880807154e-03 2.495290244602915153e-01
-2.099999999999998757e+00 2.418007744015122085e-01 5.824875482235903311e-03 2.476256498837481057e-01
-2.049999999999999378e+00 2.477339489499424674e-01 5.663506118462221378e-03 2.533974550684046645e-01
-2.000000000000000000e+00 2.488835872984971331e-01 5.628777950420358472e-03 2.545123652489175159e-01
-1.950000000000000622e+00 2.422201410777484742e-01 5.917459279019986716e-03 2.481376003567684618e-01
-1.900000000000001465e+00 2.363738592818219741e-01 6.083136089879505153e-03 2.424569953717014836e-01
-1.849999999999998535e+00 2.245403477939772463e-01 6.158449611089474897e-03 2.306987974050667134e-01
-1.799999999999999378e+00 2.194472548574663007e-01 6.320329886885230584e-03 2.257675847443515182e-01
-1.750000000000000000e+00 2.256904301797559853e-01 6.163522276804619428e-03 2.318539524565605969e-01
-1.700000000000000622e+00 2.378375197153475007e-01 6.408047940657316845e-03 2.442455676560048305e-01
-1.650000000000001465e+00 2.394785064051702661e-01 6.454625297343709843e-03 2.459331317025139629e-01
-1.599999999999998535e+00 2.308755445592389766e-01 6.705421856201244923e-03 2.375809664154402145e-01
-1.549999999999999378e+00 2.239613000991403924e-01 7.003186702760569142e-03 2.309644868019009589e-01
-1.500000000000000000e+00 2.177940915712392733e-01 6.996638577186395369e-03 2.247907301484256548e-01
-1.450000000000000622e+00 2.173092455898122388e-01 6.918687257992028536e-03 2.242279328478042622e-01
-1.400000000000001465e+00 2.154825590309493166e-01 6.776887364870874501e-03 2.222594463958201816e-01
-1.349999999999998535e+00 2.151267585191796450e-01 6.618663765905389781e-03 2.217454222850850365e-01
-1.299999999999999378e+00 2.041737852699296030e-01 6.691175298652707326e-03 2.108649605685823103e-01
-1.250000000000000000e+00 2.138826297773573359e-01 6.511617113538490167e-03 2.203942468908958174e-01
-1.200000000000000622e+00 2.214025720311627865e-01 6.572178182949459102e-03 2.279747502141122317e-01
-1.150000000000001465e+00 2.235240146842760733e-01 6.650562501355756009e-03 2.301745771856318346e-01
-1.099999999999998535e+00 2.251485799243176933e-01 6.535820488090342793e-03 2.316844004124080370e-01
-1.049999999999999378e+00 2.313451075844614735e-01 6.525553122415606207e-03 2.378706607068770684e-01
-1.000000000000000000e+00 2.162001259362801020e-01 6.328957463514694147e-03 2.225290833997947970e-01
-9.500000000000007327e-01 2.078447191929918003e-01 6.246179205824952708e-03 2.140908983988167591e-01
-9.000000000000014655e-01 2.039112366888134464e-01 6.327550161514520002e-03 2.102387868503279578e-01
-8.499999999999985345e-01 2.035656344107445448e-01 6.809387405111082779e-03 2.103750218158556284e-01
-7.999999999999992673e-01 2.066047654137774803e-01 7.253463586106408990e-03 2.138582289998838815e-01
-7.500000000000000000e-01 2.161462093491798853e-01 7.481307336196636043e-03 2.236275166853765317e-01
-7.000000000000007327e-01 2.327345821445818697e-01 7.503838604297136290e-03 2.402384207488789947e-01
-6.500000000000014655e-01 2.418217462497991022e-01 7.342507665948317178e-03 2.491642539157474245e-01
-5.999999999999985345e-01 2.663859846961301181e-01 7.558199803191061224e-03 2.739441844993211750e-01
-5.499999999999992673e-01 2.742668523100497691e-01 7.995494364251872280e-03 2.822623466743016674e-01
-5.000000000000000000e-01 2.834577997345152367e-01 8.194194627898682831e-03 2.916519943624139022e-01
-4.500000000000007327e-01 2.926189569273079938e-01 8.777629502920391430e-03 3.013965864302283748e-01
-4.000000000000014100e-01 3.126426893537709306e-01 9.535806002791715613e-03 3.221784953565626219e-01
-3.499999999999985900e-01 3.498661695291580553e-01 9.271274054415487229e-03 3.591374435835735235e-01
-2.999999999999992673e-01 3.728018235336078012e-01 9.542698880721301943e-03 3.823445224143290910e-01
-2.500000000000000000e-01 4.004344955988244359e-01 1.026998319513611202e-02 4.107044787939605479e-01
-2.000000000000007050e-01 4.506205915640358328e-01 1.120278912527971488e-02 4.618233806893155546e-01
-1.500000000000014377e-01 4.797429961950835930e-01 1.176984416617408644e-02 4.915128403612576968e-01
-9.999999999999856226e-02 4.476939348180460909e-01 1.183367005782656571e-02 4.595276048758726306e-01
-4.999999999999928113e-02 4.374722201564453794e-01 1.199281080830905816e-02 4.494650309647544306e-01
0.000000000000000000e+00 4.558963537831328683e-01 1.207573635005327814e-02 4.679720901331861360e-01
4.999999999999928113e-02 4.484113083991532189e-01 1.173411565246626140e-02 4.601454240516194560e-01
9.999999999999856226e-02 4.167350754310827909e-01 1.192692148795599857e-02 4.286619969190387791e-01
1.500000000000014377e-01 4.014083753033067525e-01 1.254692241625884365e-02 4.139552977195655736e-01
2.000000000000007050e-01 4.105299159117843377e-01 1.236433767999261038e-02 4.228942535917769585e-01
2.500000000000000000e-01 4.463607787001203642e-01 1.261497457776125132e-02 4.589757532778815929e-01
2.999999999999992673e-01 4.328221359573459215e-01 1.310407149709037419e-02 4.459262074544362853e-01
3.499999999999985900e-01 4.080161691152017212e-01 1.355590226680141071e-02 4.215720713820031440e-01
4.000000000000014100e-01 4.247610016178731129e-01 1.394515628854196138e-02 4.387061579064150951e-01
4.500000000000007327e-01 4.192272082621649743e-01 1.413698773085584996e-02 4.333641959930208398e-01
5.000000000000000000e-01 4.247909358149704051e-01 1.458702325975271691e-02 4.393779590747231012e-01
5.499999999999992673e-01 4.479853502407552535e-01 1.496292098723001063e-02 4.629482712279852641e-01
5.999999999999985345e-01 4.504758873417510912e-01 1.508847213782220018e-02 4.655643594795733087e-01
6.500000000000014655e-01 4.410103144667804620e-01 1.524869321849919510e-02 4.562590076852796606e-01
7.000000000000007327e-01 4.263093035077423210e-01 1.510889673589700839e-02 4.414182002436393137e-01
7.500000000000000000e-01 4.209465351028743862e-01 1.513146908807953481e-02 4.360780041909539384e-01
7.999999999999992673e-01 4.219411254240151288e-01 1.589882654749039462e-02 4.378399519715055477e-01
8.499999999999985345e-01 4.081654711431764171e-01 1.550280089341802246e-02 4.236682720365944621e-01
9.000000000000014655e-01 3.960819634206440010e-01 1.551669780399313366e-02 4.115986612246371190e-01
9.500000000000007327e-01 4.014924616271091096e-01 1.583027267171497471e-02 4.173227342988241051e-01
1.000000000000000000e+00 4.092123814239627122e-01 1.595225055750383591e-02 4.251646319814665342e-01
1.049999999999999378e+00 4.266012589979791270e-01 1.489924529198604838e-02 4.415005042899651788e-01
1.099999999999998535e+00 4.336239699014174387e-01 1.469169686037822414e-02 4.483156667617956836e-01
1.150000000000001465e+00 4.569671667537610893e-01 1.460862942169380979e-02 4.715757961754549199e-01
1.200000000000000622e+00 4.426923420189335934e-01 1.492490678452229602e-02 4.576172488034558894e-01
1.250000000000000000e+00 4.822682800393784941e-01 1.482372781936740387e-02 4.970920078587459101e-01
1.299999999999999378e+00 4.980431555932705034e-01 1.422261083946763614e-02 5.122657664327381344e-01
1.349999999999998535e+00 4.976090109661873706e-01 1.341071922749532616e-02 5.110197301936827419e-01
1.400000000000001465e+00 4.788349993208376731e-01 1.254544066226745413e-02 4.913804399831050995e-01
1.450000000000000622e+00 4.744741620790166592e-01 1.293496410465897785e-02 4.874091261836756561e-01
1.500000000000000000e+00 4.433059726928744171e-01 1.303914931592870668e-02 4.563451220088031168e-01
1.549999999999999378e+00 4.047531433278229729e-01 1.258798681245271167e-02 4.173411301402756846e-01
1.599999999999998535e+00 3.612847832901074363e-01 1.280793765214220496e-02 3.740927209422496569e-01
1.650000000000001465e+00 3.451266842735838392e-01 1.257601491536967236e-02 3.577026991889535323e-01
1.700000000000000622e+00 3.483912687559612142e-01 1.256018808274794903e-02 3.609514568387091615e-01
1.750000000000000000e+00 3.605202671462146569e-01 1.235458152795223391e-02 3.728748486741668700e-01
1.799999999999999378e+00 3.535591195478673399e-01 1.211169673646777731e-02 3.656708162843351206e-01
1.849999999999998535e+00 3.231883711076926624e-01 1.209756955429292305e-02 3.352859406619855820e-01
1.900000000000001465e+00 3.345238671872539649e-01 1.216667234012301993e-02 3.466905395273769952e-01
1.950000000000000622e+00 3.378158579420583729e-01 1.154292726918890871e-02 3.493587852112473024e-01
2.000000000000000000e+00 3.291237568958718107e-01 1.181742498103645171e-02 3.409411818769082503e-01
2.049999999999999378e+00 3.220329095531242469e-01 1.090136723600448540e-02 3.329342767891287358e-01
2.099999999999998757e+00 3.162729075500733122e-01 9.984023667561049697e-03 3.262569312176343828e-01
2.150000000000001243e+00 3.012624283986153340e-01 9.913793331351941282e-03 3.111762217299672839e-01
2.200000000000000622e+00 2.833878482204900129e-01 1.020531410838311677e-02 2.935931623288731140e-01
2.250000000000000000e+00 2.739302737242974017e-01 9.839837367729829809e-03 2.837701110920272107e-01
2.299999999999999378e+00 2.689543767620868886e-01 9.845028736707849698e-03 2.787994054987947279e-01
2.349999999999998757e+00 2.785786781838250348e-01 1.012674045253604029e-02 2.887054186363610664e-01
2.400000000000001243e+00 2.721157075713567797e-01 1.007101893179213579e-02 2.821867265031489103e-01
2.450000000000000622e+00 2.744808733330090234e-01 8.836479146157332279e-03 2.833173524791663400e-01
2.500000000000000000e+00 2.698148804757494190e-01 8.353585818255328255e-03 2.781684662940047681e-01
2.549999999999999378e+00 2.669877634839144531e-01 8.534315539370795206e-03 2.755220790232852379e-01
2.599999999999998757e+00 2.716556946536645700e-01 8.807764985263187921e-03 2.804634596389277701e-01
2.649999999999997691e+00 2.683779053622160626e-01 8.792092953231720603e-03 2.771699983154478075e-01
2.700000000000000622e+00 2.371130031380752901e-01 1.099617132884643349e-02 2.481091744669217114e-01
2.750000000000000000e+00 2.350197602575032629e-01 1.162042553427707417e-02 2.466401857917803475e-01
2.799999999999999378e+00 2.357721022120899679e-01 1.149996338691462380e-02 2.472720655990045813e-01
2.849999999999998757e+00 2.382197327896139472e-01 1.127374830335032586e-02 2.494934810929642643e-01
2.899999999999997691e+00 2.385475345845876061e-01 1.095724941565565970e-02 2.495047840002432571e-01
2.950000000000000622e+00 2.409357585101326582e-01 1.046418739264623476e-02 2.513999459027789207e-01
3.000000000000000000e+00 2.298576725010647304e-01 1.026067361585541494e-02 2.401183461169201505e-01
3.049999999999999378e+00 2.164350561526717232e-01 1.044349849394576868e-02 2.268785546466174918e-01
3.099999999999998757e+00 2.024303382583652056e-01 1.062511022805717395e-02 2.130554484864223830e-01
3.149999999999997691e+00 1.915662380424091038e-01 1.037274309482277834e-02 2.019389811372318821e-01
3.200000000000000622e+00 1.899702399544572207e-01 1.000662597335224419e-02 1.999768659278094718e-01
3.250000000000000000e+00 1.887807517499423549e-01 9.731650268723412989e-03 1.985124020186657678e-01
3.299999999999999378e+00 1.847497213326629584e-01 9.350886154033349537e-03 1.941006074866963027e-01
3.349999999999998757e+00 1.882764327544923511e-01 9.136930911926988488e-03 1.974133636664193447e-01
3.399999999999997691e+00 1.987864214748764069e-01 9.078869471892786827e-03 2.078652909467691989e-01
3.450000000000000622e+00 1.964406641920336261e-01 8.944056279552655905e-03 2.053847204715862906e-01
3.500000000000000000e+00 1.866684364024875920e-01 8.951703952527189159e-03 1.956201403550147933e-01
3.549999999999999378e+00 1.804524695815457325e-01 9.001082550945274305e-03 1.894535521324910154e-01
3.599999999999998757e+00 1.788444552820123712e-01 8.962499949727219251e-03 1.878069552317395974e-01
3.649999999999997691e+00 1.771686287093076073e-01 9.041282282053702754e-03 1.862099109913613049e-01
3.700000000000000622e+00 1.836969630269471299e-01 9.063788009022582734e-03 1.927607510359697074e-01
3.750000000000000000e+00 1.960174665624857537e-01 9.025667657547588665e-03 2.050431342200333407e-01
3.799999999999999378e+00 2.035170167409670605e-01 9.269240481904323509e-03 2.127862572228713944e-01
3.849999999999998757e+00 2.004330335744088920e-01 9.986027171849622824e-03 2.104190607462585183e-01
3.899999999999997691e+00 2.022647643245148175e-01 1.085446603590353894e-02 2.131192303604183547e-01
3.950000000000000622e+00 2.030601314495638077e-01 1.151726907726428016e-02 2.145774005268280826e-01
4.000000000000000000e+00 1.933006729819785607e-01 1.179579319879285257e-02 2.050964661807714029e-01
