0 0.0000 0.0000 0.0000
10 -1.1884 6.1833 -0.0039
20 -1.4594 7.6741 -0.0096
30 -1.5669 8.3233 -0.0133
40 -1.6141 8.6779 -0.0134
50 -1.6405 8.9167 -0.0085
60 -1.6568 9.0663 -0.0010
70 -1.6682 9.1753 0.0085
80 -1.6818 9.2620 0.0190
90 -1.6996 9.3308 0.0289
100 -1.7168 9.3817 0.0386
110 -1.7250 9.4324 0.0489
120 -1.7269 9.4869 0.0594
130 -1.7276 9.5409 0.0684
140 -1.7296 9.5941 0.0759
150 -1.7319 9.6470 0.0816
160 -1.7354 9.6903 0.0845
170 -1.7389 9.7170 0.0853
180 -1.7422 9.7375 0.0858
190 -1.7460 9.7562 0.0863
200 -1.7514 9.7745 0.0862
210 -1.7594 9.7919 0.0855
220 -1.7669 9.8088 0.0848
230 -1.7712 9.8244 0.0846
240 -1.7722 9.8386 0.0848
250 -1.7712 9.8523 0.0853
260 -1.7690 9.8646 0.0860
270 -1.7672 9.8749 0.0868
280 -1.7664 9.8848 0.0873
290 -1.7661 9.8959 0.0876
300 -1.7671 9.9078 0.0877
310 -1.7691 9.9191 0.0880
320 -1.7710 9.9294 0.0885
330 -1.7723 9.9387 0.0890
340 -1.7734 9.9463 0.0894
350 -1.7752 9.9534 0.0897
360 -1.7774 9.9601 0.0903
370 -1.7799 9.9662 0.0913
380 -1.7825 9.9722 0.0921
390 -1.7844 9.9775 0.0925
400 -1.7840 9.9823 0.0923
