0 0.0000 0.0000 0.0000
10 -1.1100 5.9070 0.0002
20 -1.3494 7.2875 0.0004
30 -1.4410 7.8674 0.0003
40 -1.4867 8.1810 -0.0003
50 -1.5203 8.3856 -0.0014
60 -1.5484 8.5139 -0.0034
70 -1.5721 8.6116 -0.0061
80 -1.5901 8.6947 -0.0089
90 -1.6043 8.7708 -0.0113
100 -1.6180 8.8435 -0.0133
110 -1.6309 8.9169 -0.0153
120 -1.6432 8.9889 -0.0174
130 -1.6567 9.0575 -0.0200
140 -1.6707 9.1247 -0.0227
150 -1.6843 9.1911 -0.0250
160 -1.6965 9.2545 -0.0267
170 -1.7077 9.3109 -0.0283
180 -1.7172 9.3615 -0.0295
190 -1.7247 9.4080 -0.0296
200 -1.7318 9.4513 -0.0284
210 -1.7387 9.4928 -0.0265
220 -1.7439 9.5333 -0.0247
230 -1.7470 9.5717 -0.0231
240 -1.7487 9.6074 -0.0219
250 -1.7492 9.6396 -0.0209
260 -1.7491 9.6683 -0.0197
270 -1.7495 9.6934 -0.0183
280 -1.7508 9.7161 -0.0171
290 -1.7532 9.7376 -0.0164
300 -1.7562 9.7580 -0.0162
310 -1.7580 9.7765 -0.0162
320 -1.7589 9.7937 -0.0161
330 -1.7601 9.8091 -0.0160
340 -1.7619 9.8235 -0.0157
350 -1.7632 9.8388 -0.0153
360 -1.7643 9.8534 -0.0146
370 -1.7652 9.8680 -0.0137
380 -1.7655 9.8829 -0.0122
390 -1.7656 9.8967 -0.0103
400 -1.7661 9.9087 -0.0084
