#height[m] U[m/s] V[m/s] W[m/s] 
 0.0  -0.37234929378954285  -0.37234929378954285  -0.37234929378954285
10.0  -0.7252781455363976  -0.7252781455363976  -0.7252781455363976
20.0  -0.8667768172818278  -0.8667768172818278  -0.8667768172818278
30.0  -0.922888505637342  -0.922888505637342  -0.922888505637342
40.0  -0.9545144324131029  -0.9545144324131029  -0.9545144324131029
50.0  -0.9709147179623148  -0.9709147179623148  -0.9709147179623148
60.0  -0.9800319628499067  -0.9800319628499067  -0.9800319628499067
70.0  -0.9859726281201517  -0.9859726281201517  -0.9859726281201517
80.0  -0.9865634764910137  -0.9865634764910137  -0.9865634764910137
90.0  -0.9901589574258086  -0.9901589574258086  -0.9901589574258086
100.0  -0.9876962406983908  -0.9876962406983908  -0.9876962406983908
110.0  -0.982348423363063  -0.982348423363063  -0.982348423363063
120.0  -0.9782243016202651  -0.9782243016202651  -0.9782243016202651
130.0  -0.9747306122759681  -0.9747306122759681  -0.9747306122759681
140.0  -0.9720993525969682  -0.9720993525969682  -0.9720993525969682
150.0  -0.9686737130130583  -0.9686737130130583  -0.9686737130130583
160.0  -0.9640716872381503  -0.9640716872381503  -0.9640716872381503
170.0  -0.9581981657646265  -0.9581981657646265  -0.9581981657646265
180.0  -0.9542691222574204  -0.9542691222574204  -0.9542691222574204
190.0  -0.9486126158189859  -0.9486126158189859  -0.9486126158189859
200.0  -0.9441973871842185  -0.9441973871842185  -0.9441973871842185
210.0  -0.9364548384976246  -0.9364548384976246  -0.9364548384976246
220.0  -0.9305310040829039  -0.9305310040829039  -0.9305310040829039
230.0  -0.9266449669049834  -0.9266449669049834  -0.9266449669049834
240.0  -0.9212434517353768  -0.9212434517353768  -0.9212434517353768
250.0  -0.9175182642378651  -0.9175182642378651  -0.9175182642378651
260.0  -0.9124516015930897  -0.9124516015930897  -0.9124516015930897
270.0  -0.9096783482008657  -0.9096783482008657  -0.9096783482008657
280.0  -0.9079824062773773  -0.9079824062773773  -0.9079824062773773
290.0  -0.9049031888443915  -0.9049031888443915  -0.9049031888443915
300.0  -0.8983964647321544  -0.8983964647321544  -0.8983964647321544
310.0  -0.8911562527310585  -0.8911562527310585  -0.8911562527310585
320.0  -0.8889149373966151  -0.8889149373966151  -0.8889149373966151
330.0  -0.8838030105203759  -0.8838030105203759  -0.8838030105203759
340.0  -0.8808013731309391  -0.8808013731309391  -0.8808013731309391
350.0  -0.8814104783823828  -0.8814104783823828  -0.8814104783823828
360.0  -0.8836747631095075  -0.8836747631095075  -0.8836747631095075
370.0  -0.8833301662267575  -0.8833301662267575  -0.8833301662267575
380.0  -0.883472236332366  -0.883472236332366  -0.883472236332366
390.0  -0.8804925677440726  -0.8804925677440726  -0.8804925677440726
400.0  -0.8789380306093002  -0.8789380306093002  -0.8789380306093002
410.0  -0.8780618081802541  -0.8780618081802541  -0.8780618081802541
420.0  -0.8785654912886116  -0.8785654912886116  -0.8785654912886116
430.0  -0.8765788943176728  -0.8765788943176728  -0.8765788943176728
440.0  -0.8726379101188523  -0.8726379101188523  -0.8726379101188523
450.0  -0.8734020373432314  -0.8734020373432314  -0.8734020373432314
460.0  -0.8684464749158218  -0.8684464749158218  -0.8684464749158218
470.0  -0.864363587049697  -0.864363587049697  -0.864363587049697
480.0  -0.8572694567174676  -0.8572694567174676  -0.8572694567174676
490.0  -0.8513806858539076  -0.8513806858539076  -0.8513806858539076
500.0  -0.8449088635627894  -0.8449088635627894  -0.8449088635627894
