#height[m] U[m/s] V[m/s] W[m/s]
 0.0  -0.36021550383055695  -0.36021550383055695  -0.36021550383055695
10.0  -0.7187712633890979  -0.7187712633890979  -0.7187712633890979
20.0  -0.8551308592610783  -0.8551308592610783  -0.8551308592610783
30.0  -0.9101109400863643  -0.9101109400863643  -0.9101109400863643
40.0  -0.9387481168383224  -0.9387481168383224  -0.9387481168383224
50.0  -0.9548469040393044  -0.9548469040393044  -0.9548469040393044
60.0  -0.9666443687172814  -0.9666443687172814  -0.9666443687172814
70.0  -0.9759679171532493  -0.9759679171532493  -0.9759679171532493
80.0  -0.9831059695120455  -0.9831059695120455  -0.9831059695120455
90.0  -0.9799039657296535  -0.9799039657296535  -0.9799039657296535
100.0  -0.9773110982963434  -0.9773110982963434  -0.9773110982963434
110.0  -0.9729079258759771  -0.9729079258759771  -0.9729079258759771
120.0  -0.9659324718695419  -0.9659324718695419  -0.9659324718695419
130.0  -0.958100841536795  -0.958100841536795  -0.958100841536795
140.0  -0.9532335544821412  -0.9532335544821412  -0.9532335544821412
150.0  -0.9476092385570464  -0.9476092385570464  -0.9476092385570464
160.0  -0.9422404836251371  -0.9422404836251371  -0.9422404836251371
170.0  -0.9404674968117416  -0.9404674968117416  -0.9404674968117416
180.0  -0.9384306497879288  -0.9384306497879288  -0.9384306497879288
190.0  -0.9378301516456137  -0.9378301516456137  -0.9378301516456137
200.0  -0.938146673019032  -0.938146673019032  -0.938146673019032
210.0  -0.9344830104460655  -0.9344830104460655  -0.9344830104460655
220.0  -0.9288542580117404  -0.9288542580117404  -0.9288542580117404
230.0  -0.9226580001449746  -0.9226580001449746  -0.9226580001449746
240.0  -0.915870121667295  -0.915870121667295  -0.915870121667295
250.0  -0.9148135647734705  -0.9148135647734705  -0.9148135647734705
260.0  -0.9100410620589428  -0.9100410620589428  -0.9100410620589428
270.0  -0.9038513814154728  -0.9038513814154728  -0.9038513814154728
280.0  -0.8950748158112907  -0.8950748158112907  -0.8950748158112907
290.0  -0.8871951220174554  -0.8871951220174554  -0.8871951220174554
300.0  -0.8811169809531456  -0.8811169809531456  -0.8811169809531456
310.0  -0.8726538767590948  -0.8726538767590948  -0.8726538767590948
320.0  -0.8621277537909839  -0.8621277537909839  -0.8621277537909839
330.0  -0.858167763973076  -0.858167763973076  -0.858167763973076
340.0  -0.8569399080498179  -0.8569399080498179  -0.8569399080498179
350.0  -0.8546939015230053  -0.8546939015230053  -0.8546939015230053
360.0  -0.8567301989086437  -0.8567301989086437  -0.8567301989086437
370.0  -0.8536648321814981  -0.8536648321814981  -0.8536648321814981
380.0  -0.8521247088443892  -0.8521247088443892  -0.8521247088443892
390.0  -0.8496186873809376  -0.8496186873809376  -0.8496186873809376
400.0  -0.8501085612652024  -0.8501085612652024  -0.8501085612652024
410.0  -0.8464505884426992  -0.8464505884426992  -0.8464505884426992
420.0  -0.8468673242148006  -0.8468673242148006  -0.8468673242148006
430.0  -0.8478924159194662  -0.8478924159194662  -0.8478924159194662
440.0  -0.8486776003080903  -0.8486776003080903  -0.8486776003080903
450.0  -0.8469087828431089  -0.8469087828431089  -0.8469087828431089
460.0  -0.8436378730966938  -0.8436378730966938  -0.8436378730966938
470.0  -0.8439951443301323  -0.8439951443301323  -0.8439951443301323
480.0  -0.8406299485131515  -0.8406299485131515  -0.8406299485131515
490.0  -0.8370453726915119  -0.8370453726915119  -0.8370453726915119
500.0  -0.8388622458715528  -0.8388622458715528  -0.8388622458715528
