# X VX VY VY VZ
-1.020000000000000000e+03 -7.750978321010659755e-01 9.938628284973255234e+00 2.616435241806484152e-02
-1.010000000000000000e+03 -7.744152400948829396e-01 9.939383664211000280e+00 2.658927022837954957e-02
-1.000000000000000000e+03 -7.735388795875517420e-01 9.940020653771199477e+00 2.728385188872806122e-02
-9.900000000000000000e+02 -7.730006976144051523e-01 9.940785682814114566e+00 2.869609262768079566e-02
-9.800000000000000000e+02 -7.731196212857920358e-01 9.941519494912903099e+00 3.098590422619285772e-02
-9.700000000000000000e+02 -7.743170827966449066e-01 9.942431875434277089e+00 3.195664460164121534e-02
-9.600000000000000000e+02 -7.752232305263656587e-01 9.943747491623557977e+00 3.153419302741322650e-02
-9.500000000000000000e+02 -7.750158396615440815e-01 9.945191524261307592e+00 3.099756626801628695e-02
-9.400000000000000000e+02 -7.740193596420230637e-01 9.946727290412960443e+00 3.084577066401444218e-02
-9.300000000000000000e+02 -7.730978558710082105e-01 9.948027176887720202e+00 3.140537227530438430e-02
-9.200000000000000000e+02 -7.736180563991581494e-01 9.948119973655215276e+00 3.207738873233256099e-02
-9.100000000000000000e+02 -7.754836629209688192e-01 9.947543589908343975e+00 3.173812632414587526e-02
-9.000000000000000000e+02 -7.766941986471169734e-01 9.946976855245720728e+00 3.071349192381967602e-02
-8.900000000000000000e+02 -7.764997517526681658e-01 9.946324893249004262e+00 2.980369682021498032e-02
-8.800000000000000000e+02 -7.758901075437716344e-01 9.946449080259114339e+00 2.903631544131651115e-02
-8.700000000000000000e+02 -7.750773067208912570e-01 9.947929060660506195e+00 2.785185531225070621e-02
-8.600000000000000000e+02 -7.759597206773179989e-01 9.950107997496468570e+00 2.663728338456064840e-02
-8.500000000000000000e+02 -7.788020753438509303e-01 9.952417668121555039e+00 2.570321458681645160e-02
-8.400000000000000000e+02 -7.815540155958163870e-01 9.954765436293035563e+00 2.435736155824124935e-02
-8.300000000000000000e+02 -7.842186993447265442e-01 9.957116439328309809e+00 2.302918901209963579e-02
-8.200000000000000000e+02 -7.866797998849439644e-01 9.959276033693019059e+00 2.202969525944190043e-02
-8.100000000000000000e+02 -7.883368548884336358e-01 9.961954602841567308e+00 1.980518185018037211e-02
-8.000000000000000000e+02 -7.895469684873754890e-01 9.963736981262069747e+00 1.925171236679271147e-02
-7.900000000000000000e+02 -7.912042695694306849e-01 9.963586554968978604e+00 2.163066531207377685e-02
-7.800000000000000000e+02 -7.932703448529436763e-01 9.963456638193497028e+00 2.268914278620244931e-02
-7.700000000000000000e+02 -7.953959695170697008e-01 9.962825993342367070e+00 2.336923623260922164e-02
-7.600000000000000000e+02 -7.974344158875490418e-01 9.962002852285936072e+00 2.376691158792739594e-02
-7.500000000000000000e+02 -7.991674780070596729e-01 9.961354365673194877e+00 2.393963941197261441e-02
-7.400000000000000000e+02 -8.004443984563834880e-01 9.959870156843404487e+00 2.403084400993255390e-02
-7.300000000000000000e+02 -8.017043460805513000e-01 9.957067765339107979e+00 2.467590688630645623e-02
-7.200000000000000000e+02 -8.027396695054979103e-01 9.954054755122120568e+00 2.568995951843644487e-02
-7.100000000000000000e+02 -8.038080027541524286e-01 9.951320516113309367e+00 2.653813589471147594e-02
-7.000000000000000000e+02 -8.048619543839669044e-01 9.950025248703342484e+00 2.683305427216474415e-02
-6.900000000000000000e+02 -8.062408754388818988e-01 9.948489215093852422e+00 2.721180969483554674e-02
-6.800000000000000000e+02 -8.085820815234272541e-01 9.943932718712172658e+00 2.798688206886426957e-02
-6.700000000000000000e+02 -8.109625458190818925e-01 9.938101286963734182e+00 2.886189291435194496e-02
-6.600000000000000000e+02 -8.130775938235118572e-01 9.932179458478351819e+00 2.942505301430993481e-02
-6.500000000000000000e+02 -8.145979978930247833e-01 9.926513548273417697e+00 2.992891123305779083e-02
-6.400000000000000000e+02 -8.160928802836434626e-01 9.921721665546673563e+00 3.028524745327423537e-02
-6.300000000000000000e+02 -8.174133297930711306e-01 9.917255814889436749e+00 3.047626989014007651e-02
-6.200000000000000000e+02 -8.179496882857811846e-01 9.912170073913950219e+00 3.088776273440727027e-02
-6.100000000000000000e+02 -8.186872133563971587e-01 9.907293504836195197e+00 3.117181080159076370e-02
-6.000000000000000000e+02 -8.196467533657547655e-01 9.902324446383026668e+00 3.147311030745414406e-02
-5.900000000000000000e+02 -8.203775822363079673e-01 9.897223629647212917e+00 3.180666050861819666e-02
-5.800000000000000000e+02 -8.214000990695107252e-01 9.892153154198789267e+00 3.248612097596166592e-02
-5.700000000000000000e+02 -8.225252730593466399e-01 9.888632865867446498e+00 3.286976615716948047e-02
-5.600000000000000000e+02 -8.231637814714470869e-01 9.887484977271723707e+00 3.266670784920020637e-02
-5.500000000000000000e+02 -8.237971704941725593e-01 9.885616041786700947e+00 3.257510144575025829e-02
-5.400000000000000000e+02 -8.241337142201827781e-01 9.883314812493345869e+00 3.244196581041179639e-02
-5.300000000000000000e+02 -8.246904696609763663e-01 9.880493902643715742e+00 3.304352890783775198e-02
-5.200000000000000000e+02 -8.261296430923161793e-01 9.877512667574222860e+00 3.443197108825442332e-02
-5.100000000000000000e+02 -8.273688755336479073e-01 9.876528910900894687e+00 3.508926168357376363e-02
-5.000000000000000000e+02 -8.277684661697556345e-01 9.875888617744159603e+00 3.575615273615129902e-02
-4.900000000000000000e+02 -8.285175603869843197e-01 9.875632906234317332e+00 3.617391735751211701e-02
-4.800000000000000000e+02 -8.293520023972945632e-01 9.875867752430906421e+00 3.628821585151404544e-02
-4.700000000000000000e+02 -8.297222408585933628e-01 9.875976963150581156e+00 3.590939481592451271e-02
-4.600000000000000000e+02 -8.298715231708695406e-01 9.876147522005748414e+00 3.557868023939381869e-02
-4.500000000000000000e+02 -8.300384200850109417e-01 9.874352234515471949e+00 3.792315381575891986e-02
-4.400000000000000000e+02 -8.305657569831511600e-01 9.872002639338104402e+00 4.056383871483351666e-02
-4.300000000000000000e+02 -8.312222691396414787e-01 9.869643619377747257e+00 4.260704978045302960e-02
-4.200000000000000000e+02 -8.323810420333692672e-01 9.867013949998815647e+00 4.418330622686984788e-02
-4.100000000000000000e+02 -8.333683294743828851e-01 9.864363657901918714e+00 4.596736897340444189e-02
-4.000000000000000000e+02 -8.339804591050770100e-01 9.862985993174554267e+00 4.711764731505306558e-02
-3.900000000000000000e+02 -8.323178166054225890e-01 9.862117435546062794e+00 4.676211162645112218e-02
-3.800000000000000000e+02 -8.307006582058840127e-01 9.860295580061928078e+00 4.691114018348017944e-02
-3.700000000000000000e+02 -8.299529925821145238e-01 9.857651196672199134e+00 4.828035839734215462e-02
-3.600000000000000000e+02 -8.303674538995303722e-01 9.854852733038713453e+00 5.042318470874303932e-02
-3.500000000000000000e+02 -8.308771123970167816e-01 9.851699480382968943e+00 5.352360437772918367e-02
-3.400000000000000000e+02 -8.305679616875232263e-01 9.850833816449908298e+00 5.368723088049032893e-02
-3.300000000000000000e+02 -8.262102962125648098e-01 9.847049768937168324e+00 5.894901626740942091e-02
-3.200000000000000000e+02 -8.266107627802578017e-01 9.844076616062368501e+00 5.818670265568873234e-02
-3.100000000000000000e+02 -8.265952385620759513e-01 9.842752818322896502e+00 5.659878665861312053e-02
-3.000000000000000000e+02 -8.270067660849687030e-01 9.842027418039656084e+00 5.538558900869632734e-02
-2.900000000000000000e+02 -8.280688363821552267e-01 9.840884515036130153e+00 5.494349870236780314e-02
-2.800000000000000000e+02 -8.280170703874714100e-01 9.838831203713281681e+00 5.489621116942337842e-02
-2.700000000000000000e+02 -8.275336607455890947e-01 9.836667382709919139e+00 5.547906621513232911e-02
-2.600000000000000000e+02 -8.279504611361305777e-01 9.833046347787101737e+00 5.741985807632243866e-02
-2.500000000000000000e+02 -8.296075798751213481e-01 9.826951148773289901e+00 5.812316824519023900e-02
-2.400000000000000000e+02 -8.321135486125939007e-01 9.820072551216547652e+00 5.920793552219878741e-02
-2.300000000000000000e+02 -8.341427392078786252e-01 9.813880948592808906e+00 6.037374616028624158e-02
-2.200000000000000000e+02 -8.352986215024797989e-01 9.808384729433518245e+00 5.937258202878571700e-02
-2.100000000000000000e+02 -8.363298768049598486e-01 9.801953860268817209e+00 5.873354756914708069e-02
-2.000000000000000000e+02 -8.374601837681439065e-01 9.794819403805654190e+00 5.812150231692198715e-02
-1.900000000000000000e+02 -8.387120922989067529e-01 9.788200011375518983e+00 5.623007247892937432e-02
-1.800000000000000000e+02 -8.397895979874626660e-01 9.779834452415421708e+00 5.439050062371658667e-02
-1.700000000000000000e+02 -8.411284602365054486e-01 9.770390594364782189e+00 5.273465042798491931e-02
-1.600000000000000000e+02 -8.423116001989491286e-01 9.760559996233101998e+00 5.087624551610872570e-02
-1.500000000000000000e+02 -8.422762892479284114e-01 9.747733859813772384e+00 4.891749644452490081e-02
-1.400000000000000000e+02 -8.419895315608121322e-01 9.730983840684661601e+00 4.785214445477713879e-02
-1.300000000000000000e+02 -8.421629224595742480e-01 9.709325934917034218e+00 4.699864556551206635e-02
-1.200000000000000000e+02 -8.417522786718526495e-01 9.680657349191180927e+00 4.464491254398202102e-02
-1.100000000000000000e+02 -8.399607211034280096e-01 9.648551677276126171e+00 4.267494859963853748e-02
-1.000000000000000000e+02 -8.373596479128297965e-01 9.610474397006138148e+00 4.058186263904646485e-02
-9.000000000000000000e+01 -8.338907458278568274e-01 9.561896471068136449e+00 3.707533546736782593e-02
-8.000000000000000000e+01 -8.291910088608918095e-01 9.500771347791522103e+00 3.524877629396263451e-02
-7.000000000000000000e+01 -8.227797143794352008e-01 9.418609294106850882e+00 3.347491577600237439e-02
-6.000000000000000000e+01 -8.132257893955241457e-01 9.308039407217034267e+00 3.129299594725835909e-02
-5.000000000000000000e+01 -8.020322401777457699e-01 9.171528965542483647e+00 3.177669087208883497e-02
-4.000000000000000000e+01 -7.866498097832596015e-01 9.006260107621175237e+00 3.639728066435186232e-02
-3.000000000000000000e+01 -7.754584163665186880e-01 8.834238413945127988e+00 4.775879591972247845e-02
-2.000000000000000000e+01 -7.423199068588136607e-01 8.659549503586365660e+00 6.844335893332352538e-02
-1.000000000000000000e+01 -8.455305692661650996e-01 8.838468842461475461e+00 9.158443415762410056e-02
0.000000000000000000e+00 -8.699489343908070049e-01 9.234441876888032752e+00 9.154824364889561916e-02
1.000000000000000000e+01 -8.006700218971879446e-01 9.208060703483976539e+00 9.382655782682312873e-02
2.000000000000000000e+01 -7.950765850938369406e-01 9.041725767819633219e+00 1.102071664173263355e-01
3.000000000000000000e+01 -7.747102490279160758e-01 8.869165106959663092e+00 1.200145925649649253e-01
4.000000000000000000e+01 -7.535960634518960033e-01 8.607590844373129713e+00 1.249457669427272294e-01
5.000000000000000000e+01 -7.446337536475150509e-01 8.483675189672149841e+00 1.236617676723436171e-01
6.000000000000000000e+01 -7.314487480865897728e-01 8.330511370403741012e+00 1.194882036593956781e-01
7.000000000000000000e+01 -7.130837401855748547e-01 8.123718103341536434e+00 1.162257626225181723e-01
8.000000000000000000e+01 -7.018983988926080775e-01 8.004199575829380464e+00 1.094157617950179823e-01
9.000000000000000000e+01 -6.909939838925568401e-01 7.903382290416162803e+00 1.028790558912341530e-01
1.000000000000000000e+02 -6.818973743386164132e-01 7.806134124867297963e+00 9.794262104144650649e-02
1.100000000000000000e+02 -6.752068417428737090e-01 7.729225638606717297e+00 8.983807357320512665e-02
1.200000000000000000e+02 -6.687612663621049780e-01 7.647949991118982993e+00 8.337296308123716415e-02
1.300000000000000000e+02 -6.634131010619503943e-01 7.564038204076541483e+00 7.942589263314162040e-02
1.400000000000000000e+02 -6.572266808533445692e-01 7.486841123516698282e+00 7.364537339994518816e-02
1.500000000000000000e+02 -6.488290487850770782e-01 7.400392371429642679e+00 6.941532313856552117e-02
1.600000000000000000e+02 -6.379893527487894289e-01 7.314937328530009886e+00 6.736005624649073209e-02
1.700000000000000000e+02 -6.250775508606257747e-01 7.239888138096107539e+00 6.292402472339804487e-02
1.800000000000000000e+02 -6.114140392789577660e-01 7.165919086873731025e+00 5.831292095269260956e-02
1.900000000000000000e+02 -6.018466373439997907e-01 7.098430111603465598e+00 5.380326495383728341e-02
2.000000000000000000e+02 -5.944664978677233202e-01 7.038541510985855787e+00 4.763243952960725947e-02
2.100000000000000000e+02 -5.897289402298716565e-01 6.980889412240396830e+00 4.252072517440710908e-02
2.200000000000000000e+02 -5.895353118078155985e-01 6.930920104106916391e+00 3.841369416780824469e-02
2.300000000000000000e+02 -5.885936743862875131e-01 6.880064373725218729e+00 3.586956819804981017e-02
2.400000000000000000e+02 -5.862146699143481188e-01 6.817791149540401108e+00 3.699779259685698901e-02
2.500000000000000000e+02 -5.850564073324203695e-01 6.764585897642507284e+00 3.767819370523061567e-02
2.600000000000000000e+02 -5.828318677403762083e-01 6.717017041524253607e+00 3.899361752280981752e-02
2.700000000000000000e+02 -5.782013633270086661e-01 6.672124193093813993e+00 3.591557512221344589e-02
2.800000000000000000e+02 -5.728873853972964447e-01 6.633630955184746547e+00 3.025448451103939645e-02
2.900000000000000000e+02 -5.676239904254457569e-01 6.597615018086168348e+00 2.946839425608348273e-02
3.000000000000000000e+02 -5.635106225892060339e-01 6.564378603745668173e+00 3.341327106188693441e-02
3.100000000000000000e+02 -5.604730517801836953e-01 6.531405085445173064e+00 3.860033153352366436e-02
3.200000000000000000e+02 -5.542460064552371390e-01 6.497379210268571015e+00 4.071457459623857578e-02
3.300000000000000000e+02 -5.463924353288786007e-01 6.466323970966280754e+00 4.078337938384693495e-02
3.400000000000000000e+02 -5.385514487096139113e-01 6.423870772328146295e+00 4.787830650870995852e-02
3.500000000000000000e+02 -5.350852573042661486e-01 6.399159162210672491e+00 4.961838615271430691e-02
3.600000000000000000e+02 -5.285177038571927666e-01 6.368878954098091683e+00 5.130374680625620493e-02
3.700000000000000000e+02 -5.218891751270697821e-01 6.342585833871562606e+00 5.192317619226041736e-02
3.800000000000000000e+02 -5.157661904939011555e-01 6.318706837302538126e+00 5.237303995328327494e-02
3.900000000000000000e+02 -5.104466466100647803e-01 6.296094143464563864e+00 5.315825090852060314e-02
4.000000000000000000e+02 -5.061892373189684768e-01 6.275709171025172672e+00 5.310807209253488870e-02
4.100000000000000000e+02 -5.048925430020229088e-01 6.258407437543958451e+00 4.997215972264302392e-02
4.200000000000000000e+02 -5.039481496292964602e-01 6.243355139846386237e+00 4.659270308491336721e-02
4.300000000000000000e+02 -5.032426018399416279e-01 6.228763616156141047e+00 4.453308003868185205e-02
4.400000000000000000e+02 -5.009113403197411607e-01 6.214637056201619103e+00 4.207697653257516657e-02
4.500000000000000000e+02 -4.986333187085058016e-01 6.200030773614773061e+00 4.088809664517975562e-02
4.600000000000000000e+02 -4.962306130532354032e-01 6.185625959123617790e+00 4.030834308013513112e-02
4.700000000000000000e+02 -4.953695529107194351e-01 6.176332352784646318e+00 3.814467879080118973e-02
4.800000000000000000e+02 -4.943688563991701090e-01 6.170554997578229006e+00 3.626440531793974353e-02
4.900000000000000000e+02 -4.935796219748220248e-01 6.166313577962642789e+00 3.514550710051884963e-02
5.000000000000000000e+02 -4.932225833508889767e-01 6.163318258985919229e+00 3.405720483382458641e-02
5.100000000000000000e+02 -4.915142893245784128e-01 6.160706721505261996e+00 3.304073575587574557e-02
5.200000000000000000e+02 -4.893534603674103423e-01 6.159471914933437375e+00 3.352677612408225261e-02
5.300000000000000000e+02 -4.872937560855487571e-01 6.160761104576597980e+00 3.568793622955655082e-02
5.400000000000000000e+02 -4.855653698923181882e-01 6.162743440428698705e+00 3.662430797472825128e-02
5.500000000000000000e+02 -4.842888298431827221e-01 6.165960124094076455e+00 3.740758563688010435e-02
5.600000000000000000e+02 -4.834159882098123528e-01 6.170693677293105139e+00 3.755511117443720986e-02
5.700000000000000000e+02 -4.826124906640315571e-01 6.177019993264694087e+00 3.656310964103561684e-02
5.800000000000000000e+02 -4.816708168351099828e-01 6.181978848379866776e+00 3.917921533462663530e-02
5.900000000000000000e+02 -4.824747419147130123e-01 6.186785602997476374e+00 4.328394472141956079e-02
6.000000000000000000e+02 -4.847511340390676660e-01 6.192300124367163150e+00 4.737257918012404562e-02
6.100000000000000000e+02 -4.869863363177378557e-01 6.198984072411672486e+00 4.991784788269903322e-02
6.200000000000000000e+02 -4.896528616339760887e-01 6.207743866756397999e+00 5.053938681452537635e-02
6.300000000000000000e+02 -4.911330231542415659e-01 6.218881780899655709e+00 5.120623016868087324e-02
6.400000000000000000e+02 -4.907115113991455391e-01 6.235906122963644549e+00 4.867480650710721141e-02
6.500000000000000000e+02 -4.885141412433670061e-01 6.253957602005872474e+00 4.696070483676714064e-02
6.600000000000000000e+02 -4.853573408758296570e-01 6.273602861869406411e+00 4.489996371466532799e-02
6.700000000000000000e+02 -4.818401076019264706e-01 6.294619945870004507e+00 4.244549417965485377e-02
6.800000000000000000e+02 -4.775357018514012064e-01 6.315762418065228090e+00 4.020246315481795785e-02
6.900000000000000000e+02 -4.734413357084406582e-01 6.339446032502991990e+00 3.647000148817435006e-02
7.000000000000000000e+02 -4.701635218333969912e-01 6.367110961781073719e+00 3.136805213182719543e-02
7.100000000000000000e+02 -4.685650944017285546e-01 6.395164706399979693e+00 2.557361062686132683e-02
7.200000000000000000e+02 -4.677305542263969773e-01 6.423179805817649246e+00 1.972923480211735692e-02
7.300000000000000000e+02 -4.663810551309366392e-01 6.451112446267198486e+00 1.405530438541624169e-02
7.400000000000000000e+02 -4.651170406611911945e-01 6.478860152004783934e+00 9.542348329997766068e-03
7.500000000000000000e+02 -4.632123942963828900e-01 6.498597336146670678e+00 7.979998195657847862e-03
7.600000000000000000e+02 -4.611831706877947412e-01 6.515115421889580816e+00 6.928065120831885908e-03
7.700000000000000000e+02 -4.589570987158631543e-01 6.531872096347998813e+00 6.290445464011938659e-03
7.800000000000000000e+02 -4.565287123768304589e-01 6.547354631305919881e+00 6.212782952323313984e-03
7.900000000000000000e+02 -4.514011349352739511e-01 6.563517515880434416e+00 5.822958948204263845e-03
8.000000000000000000e+02 -4.449104560457512458e-01 6.579136221281270736e+00 4.867840083742439213e-03
8.100000000000000000e+02 -4.448345726651024568e-01 6.604013284664641326e+00 3.608246571726468968e-03
8.200000000000000000e+02 -4.485999025637678050e-01 6.633517419383861302e+00 1.117732843805736192e-03
8.300000000000000000e+02 -4.507418231011782739e-01 6.665228400676068254e+00 -3.906814124294675887e-03
8.400000000000000000e+02 -4.509948297987562693e-01 6.699101143587899543e+00 -1.063074177952487952e-02
8.500000000000000000e+02 -4.505068710041758018e-01 6.734695360852017920e+00 -2.162318697888331379e-02
8.600000000000000000e+02 -4.504054638568583679e-01 6.767616033065689152e+00 -2.984028668866168035e-02
8.700000000000000000e+02 -4.474070994775123933e-01 6.792681233064046253e+00 -2.806191713082450967e-02
8.800000000000000000e+02 -4.431681384504694843e-01 6.813911012106759202e+00 -2.360620135412070872e-02
8.900000000000000000e+02 -4.387566822519575194e-01 6.833702392329851882e+00 -2.018673164183375918e-02
9.000000000000000000e+02 -4.329793641122012815e-01 6.851134615781246495e+00 -1.627055788304728259e-02
9.100000000000000000e+02 -4.267605156337092032e-01 6.864417371519553335e+00 -1.279165882983101903e-02
9.200000000000000000e+02 -4.253575179426665742e-01 6.886805641763159791e+00 -1.123872695524761982e-02
9.300000000000000000e+02 -4.259093871021572553e-01 6.919866989932631718e+00 -1.082138955221113689e-02
9.400000000000000000e+02 -4.267558371533324846e-01 6.955106797036057387e+00 -1.113158871241952397e-02
9.500000000000000000e+02 -4.283899163273245936e-01 6.988978921328026672e+00 -8.644468021325450724e-03
9.600000000000000000e+02 -4.289292191081830463e-01 7.020042957707082643e+00 -5.321820036086389628e-03
9.700000000000000000e+02 -4.292856765093502891e-01 7.051101806266307115e+00 -1.498543805038263883e-03
9.800000000000000000e+02 -4.311511484916795145e-01 7.083485728070464837e+00 -9.594147500638419961e-04
9.900000000000000000e+02 -4.336373819116218775e-01 7.112065321986490218e+00 -3.424807325708673772e-03
1.000000000000000000e+03 -4.337648530083324516e-01 7.136661160928126968e+00 -6.731607071193789274e-03
1.010000000000000000e+03 -4.330633820214365159e-01 7.159625887298445512e+00 -8.326706020992743693e-03
1.020000000000000000e+03 -4.347785602522993287e-01 7.180302122561113443e+00 -6.686285371237729071e-03
