# X VX VY VY VZ
-1.020000000005705942e+03 -2.662099087095977645e-01 9.116252662970488529e+00 2.510340166955449259e-02
-1.010000000005650008e+03 -2.622378874809758731e-01 9.117528950689731460e+00 2.487462428505676434e-02
-1.000000000005594075e+03 -2.604241398816416475e-01 9.117069303649410372e+00 2.452425339850516917e-02
-9.900000000055381406e+02 -2.594073972581375509e-01 9.115019910209072762e+00 2.450136741908778490e-02
-9.800000000054822067e+02 -2.567298069429352347e-01 9.112180552273510870e+00 2.543354378081369438e-02
-9.700000000054262728e+02 -2.535618524122680295e-01 9.109078265640031091e+00 2.788890245443616939e-02
-9.600000000053703388e+02 -2.512239242135749229e-01 9.105950743149231030e+00 3.045783586389527731e-02
-9.500000000053144049e+02 -2.484132670068402160e-01 9.102793516938724849e+00 3.212587464074663501e-02
-9.400000000052584710e+02 -2.437286430281438987e-01 9.100372529384777920e+00 3.302202279344402386e-02
-9.300000000052025371e+02 -2.384820170881606916e-01 9.098418536654081734e+00 3.295956951596482748e-02
-9.200000000051466031e+02 -2.356191567421619948e-01 9.096293302326921904e+00 3.228200642673727250e-02
-9.100000000050906692e+02 -2.356466824885146971e-01 9.094059360905307088e+00 3.088325175261241382e-02
-9.000000000050347353e+02 -2.374404107037153822e-01 9.091287272316124657e+00 2.885235475061188534e-02
-8.900000000049788014e+02 -2.394523494663700625e-01 9.088250862816254383e+00 2.716563428485635825e-02
-8.800000000049227538e+02 -2.417634236139887816e-01 9.085942365652009300e+00 2.584692867678527531e-02
-8.700000000048668198e+02 -2.460295039708081388e-01 9.084721427217928635e+00 2.483638283808319372e-02
-8.600000000048108859e+02 -2.535296472872308193e-01 9.084417029162075607e+00 2.331337056896323062e-02
-8.500000000047549520e+02 -2.631713650792951165e-01 9.083799104428710081e+00 2.178044105693095062e-02
-8.400000000046990181e+02 -2.730044290413621288e-01 9.081010181146575988e+00 2.282703084051818446e-02
-8.300000000046430841e+02 -2.821153016442576322e-01 9.076133364996906039e+00 2.640190039858253748e-02
-8.200000000045871502e+02 -2.914219949254452935e-01 9.070587201599868976e+00 3.039858135951780532e-02
-8.100000000045312163e+02 -3.000345427106782537e-01 9.065192040350904534e+00 3.385110230467890113e-02
-8.000000000044752824e+02 -3.061487089476795931e-01 9.059464689273648119e+00 3.669037168396310777e-02
-7.900000000044193484e+02 -3.098268426909354112e-01 9.054023483724195742e+00 4.049390801131957235e-02
-7.800000000043634145e+02 -3.118907794946657597e-01 9.050106277559144985e+00 4.609162251917644365e-02
-7.700000000043074806e+02 -3.138554987539813879e-01 9.047805466997962398e+00 5.072664456797515431e-02
-7.600000000042515467e+02 -3.161773183797925157e-01 9.047131177830543436e+00 5.325464068403648610e-02
-7.500000000041954991e+02 -3.191247722810502396e-01 9.046308217236138205e+00 5.467338809119991899e-02
-7.400000000041395651e+02 -3.225470671057300565e-01 9.043939502263492969e+00 5.467265444262928153e-02
-7.300000000040836312e+02 -3.258814151462233744e-01 9.041749662671717758e+00 5.313528732495558654e-02
-7.200000000040276973e+02 -3.295681835580923091e-01 9.041965974636831049e+00 5.003135826092348915e-02
-7.100000000039717634e+02 -3.336149503277606732e-01 9.045134798764424389e+00 4.422710010658182506e-02
-7.000000000039158294e+02 -3.369774136467288406e-01 9.051410525065689328e+00 3.688098567329713834e-02
-6.900000000038598955e+02 -3.394121167552195950e-01 9.060012643997024995e+00 2.820587234093335782e-02
-6.800000000038039616e+02 -3.429365523523597026e-01 9.069000254052253851e+00 1.895911718554123965e-02
-6.700000000037480277e+02 -3.484475187248209371e-01 9.078166913417369699e+00 1.061665237991105647e-02
-6.600000000036920937e+02 -3.553579702871170753e-01 9.089034739564999299e+00 3.996449459792766369e-03
-6.500000000036361598e+02 -3.614256703259103864e-01 9.101558189716564939e+00 -1.553926586358491671e-03
-6.400000000035802259e+02 -3.649058318436453896e-01 9.114248649943677449e+00 -8.077507198207350969e-03
-6.300000000035242920e+02 -3.663528155461819313e-01 9.125581892033961751e+00 -1.540953605309335755e-02
-6.200000000034683580e+02 -3.662617005502341039e-01 9.134942459062976639e+00 -2.183817675581998033e-02
-6.100000000034124241e+02 -3.657097776860776528e-01 9.143540059197265535e+00 -2.573062840372378896e-02
-6.000000000033564902e+02 -3.656959433050098185e-01 9.152922927812886300e+00 -2.802643984038626079e-02
-5.900000000033005563e+02 -3.656414143277899043e-01 9.162739433909877107e+00 -3.030492009881645410e-02
-5.800000000032446223e+02 -3.649572039333505713e-01 9.173740478966296408e+00 -3.369737774013197018e-02
-5.700000000031886884e+02 -3.639177098622337070e-01 9.186204399504898532e+00 -3.860330204998526499e-02
-5.600000000031327545e+02 -3.615662552416886166e-01 9.198616451851510334e+00 -4.304416259407971984e-02
-5.500000000030768206e+02 -3.582527251150902092e-01 9.210202467230352852e+00 -4.577823877008544567e-02
-5.400000000030208867e+02 -3.543706036101293977e-01 9.219950303159947680e+00 -4.708945785016892954e-02
-5.300000000029649527e+02 -3.504766793537537617e-01 9.227762567724333564e+00 -4.803150360334123431e-02
-5.200000000029090188e+02 -3.476537265667216103e-01 9.235283398723970194e+00 -4.867634217235812522e-02
-5.100000000028530280e+02 -3.465243546322973600e-01 9.242203762422708024e+00 -4.785048049103017564e-02
-5.000000000027971510e+02 -3.463172741787057252e-01 9.247007608202864049e+00 -4.484851787252979588e-02
-4.900000000027412170e+02 -3.461258877220246832e-01 9.249103448586708964e+00 -4.015884284854445013e-02
-4.800000000026851694e+02 -3.459814862077949527e-01 9.249181679978024206e+00 -3.474887979846705971e-02
-4.700000000026292355e+02 -3.461453881173137126e-01 9.248227009182615532e+00 -3.002995799014544775e-02
-4.600000000025733016e+02 -3.466252913915658929e-01 9.246673064030789035e+00 -2.674403769697697442e-02
-4.500000000025173676e+02 -3.472511390173482204e-01 9.244771604869630011e+00 -2.468783771373221636e-02
-4.400000000024614337e+02 -3.472285452653508520e-01 9.242951231553499625e+00 -2.317880651163307590e-02
-4.300000000024054998e+02 -3.458625554490916687e-01 9.241481056995233700e+00 -2.222053558718284361e-02
-4.200000000023495659e+02 -3.443709569569988194e-01 9.240650477435343291e+00 -2.224039407887193689e-02
-4.100000000022936320e+02 -3.431088841708214709e-01 9.240498095269968459e+00 -2.246575525009256169e-02
-4.000000000022376980e+02 -3.419516711678988741e-01 9.241074528910198538e+00 -2.250102292341820895e-02
-3.900000000021817641e+02 -3.423260129041393873e-01 9.241999137428068778e+00 -2.330819426196638691e-02
-3.800000000021258302e+02 -3.446305583138747353e-01 9.243557420259486790e+00 -2.532214436800833690e-02
-3.700000000020698963e+02 -3.474743654808019055e-01 9.245653699173509210e+00 -2.880282581751340831e-02
-3.600000000020139623e+02 -3.508705923867628251e-01 9.246456192910356364e+00 -3.238778252850449402e-02
-3.500000000019580284e+02 -3.559078302788390991e-01 9.245722852754381549e+00 -3.309626768010889147e-02
-3.400000000019020945e+02 -3.620188354909325001e-01 9.245365991550997364e+00 -3.142085693650826378e-02
-3.300000000018461606e+02 -3.690068305772979951e-01 9.244880286645068779e+00 -2.940701498156632690e-02
-3.200000000017902266e+02 -3.767252276577615078e-01 9.242557203450118664e+00 -2.831175649019142954e-02
-3.100000000017342927e+02 -3.838921968551864961e-01 9.237645636971940633e+00 -2.806744588502312412e-02
-3.000000000016783588e+02 -3.883026602480872946e-01 9.230345026927382790e+00 -2.706332329523834790e-02
-2.900000000016224249e+02 -3.902690026887044028e-01 9.221747452649223575e+00 -2.438601636343571549e-02
-2.800000000015664909e+02 -3.921148642248988292e-01 9.213227040673684698e+00 -2.043729674461464141e-02
-2.700000000015104433e+02 -3.934536631364609627e-01 9.205847904692092243e+00 -1.537854443540274257e-02
-2.600000000014545094e+02 -3.931747668356864733e-01 9.200209295622604699e+00 -9.575123813393692299e-03
-2.500000000013985755e+02 -3.906908109400826223e-01 9.196543007245661983e+00 -4.225723873544828292e-03
-2.400000000013426416e+02 -3.874126785344649826e-01 9.195341553378803212e+00 -5.377636955039868894e-04
-2.300000000012867076e+02 -3.853376227887959637e-01 9.195583286129316747e+00 1.688293448505141878e-03
-2.200000000012307737e+02 -3.846398331393052206e-01 9.195863865168119489e+00 5.024222163792163923e-03
-2.100000000011748398e+02 -3.850146316636911537e-01 9.196104043062037547e+00 9.987730583116910879e-03
-2.000000000011189059e+02 -3.862993711547119680e-01 9.197177382201919826e+00 1.539160377592404053e-02
-1.900000000010629719e+02 -3.884356672762911966e-01 9.200090268127341986e+00 2.015166100172885097e-02
-1.800000000010070380e+02 -3.905219478351137363e-01 9.204281493925899227e+00 2.341310393022756273e-02
-1.700000000009511041e+02 -3.910117661401444900e-01 9.208865469914735868e+00 2.613904364484155238e-02
-1.600000000008951702e+02 -3.903406623884426718e-01 9.213436448507865251e+00 2.810534104338038505e-02
-1.500000000008392362e+02 -3.895389472632529992e-01 9.218061775465837826e+00 2.691166426983038207e-02
-1.400000000007833023e+02 -3.906468138107075938e-01 9.222482732677010020e+00 2.426950015480572320e-02
-1.300000000007273684e+02 -3.928273073659634407e-01 9.228045270875616879e+00 2.317703478031186634e-02
-1.200000000006714345e+02 -3.931139105317139615e-01 9.232120257115063566e+00 2.271937176672524789e-02
-1.100000000006155005e+02 -3.929547602496399339e-01 9.237503700832089493e+00 2.082641146088076364e-02
-1.000000000005595666e+02 -3.910617481213454760e-01 9.241901247978590916e+00 1.744345209091108934e-02
-9.000000000050363269e+01 -3.869080895738229997e-01 9.244654032623506268e+00 1.314244366500124522e-02
-8.000000000044769877e+01 -3.822490522379869415e-01 9.245756009113769380e+00 6.757470630634310194e-03
-7.000000000039176484e+01 -3.782172591772740011e-01 9.247164950591690413e+00 6.824458840364185618e-04
-6.000000000033583092e+01 -3.747609935121773983e-01 9.249566271787337257e+00 -4.757872747820065217e-03
-5.000000000027978331e+01 -3.714851564072034207e-01 9.252540877255690077e+00 -1.015770685706172786e-02
-4.000000000022384938e+01 -3.680828688447816410e-01 9.254972679550139247e+00 -1.447754575083762436e-02
-3.000000000016791546e+01 -3.630817657391005038e-01 9.256330134260542408e+00 -1.801203558287630888e-02
-2.000000000011198154e+01 -3.572305042337999836e-01 9.256002848239814895e+00 -2.076673996065029129e-02
-1.000000000005604761e+01 -3.526588955364939881e-01 9.254103816793978865e+00 -2.143464790349530052e-02
-1.136868377216160297e-13 -3.492305305685369787e-01 9.250548373671584557e+00 -2.182897540822937091e-02
1.000000000005570655e+01 -3.474091501717126440e-01 9.246271362162529428e+00 -2.269052010113279880e-02
2.000000000011164047e+01 -3.456457545562345302e-01 9.242732115720208697e+00 -2.373444990485705508e-02
3.000000000016757440e+01 -3.426905301489613920e-01 9.240655619988048741e+00 -2.434272091214078823e-02
4.000000000022350832e+01 -3.378707031053856946e-01 9.237809689384135936e+00 -2.364423382428987655e-02
5.000000000027966962e+01 -3.327564853481273510e-01 9.235949739084368559e+00 -2.266566513399090668e-02
6.000000000033560354e+01 -3.278435274434145508e-01 9.236598096054423834e+00 -2.148509918776823555e-02
7.000000000039153747e+01 -3.233387462317952044e-01 9.238395675361879000e+00 -2.109877338633343521e-02
8.000000000044747139e+01 -3.179044301045333976e-01 9.239942359304210484e+00 -2.349640584207581678e-02
9.000000000050340532e+01 -3.134270724876510039e-01 9.240951846410382586e+00 -2.795137096922961639e-02
1.000000000005593392e+02 -3.101137489361807109e-01 9.241484304556946583e+00 -3.303839839984751975e-02
1.100000000006152732e+02 -3.102713207046275401e-01 9.243190864341643831e+00 -3.768545329297441626e-02
1.200000000006712071e+02 -3.127878585394013866e-01 9.244191968319681152e+00 -4.221805758934890629e-02
1.300000000007271410e+02 -3.168347984609277690e-01 9.245591546780964620e+00 -4.572499557991666769e-02
1.400000000007830749e+02 -3.184698964527625242e-01 9.246881957018560527e+00 -4.886829403271830685e-02
1.500000000008390089e+02 -3.192547032341246371e-01 9.247339401517470137e+00 -4.978294341870984074e-02
1.600000000008949428e+02 -3.208127265840459708e-01 9.246533374604910094e+00 -4.819206462655000606e-02
1.700000000009508767e+02 -3.230328813593149606e-01 9.245166674642524285e+00 -4.434292946161651899e-02
1.800000000010068106e+02 -3.245674673747546701e-01 9.244214332949438173e+00 -3.960025999569342925e-02
1.900000000010627446e+02 -3.248507212420601031e-01 9.243772606074291076e+00 -3.545941392442088919e-02
2.000000000011186785e+02 -3.228497998483426668e-01 9.242673346792317446e+00 -3.137679503526304842e-02
2.100000000011746124e+02 -3.180851035496639612e-01 9.241928753783778205e+00 -2.665891844568010413e-02
2.200000000012305463e+02 -3.125197415421663294e-01 9.243091250278277826e+00 -2.153826590896614282e-02
2.300000000012864803e+02 -3.077922735110565911e-01 9.244802178150850480e+00 -1.646100699656240229e-02
2.400000000013424142e+02 -3.042943624351416854e-01 9.244306906647819844e+00 -1.216506678703501224e-02
2.500000000013983481e+02 -3.015507319166612632e-01 9.240386339909827385e+00 -7.572998433474776095e-03
2.600000000014542820e+02 -2.987081839421704688e-01 9.235479197146815977e+00 -1.009733671542384923e-03
2.700000000015102160e+02 -2.955619746081641352e-01 9.232450251325120760e+00 6.919445794772027467e-03
2.800000000015661499e+02 -2.923008754089986838e-01 9.229313692877401110e+00 1.265014469192201653e-02
2.900000000016220838e+02 -2.892156353372450917e-01 9.224431027771077041e+00 1.541677050435571322e-02
3.000000000016780177e+02 -2.868799119798151609e-01 9.219501585180776004e+00 1.857415462671366257e-02
3.100000000017339516e+02 -2.854855936122108750e-01 9.217003455262448242e+00 2.274921926692136456e-02
3.200000000017898856e+02 -2.840047456837169748e-01 9.215433503179859542e+00 2.721449682988557814e-02
3.300000000018458195e+02 -2.815856930411652082e-01 9.213147004888195823e+00 3.049919071804447004e-02
3.400000000019017534e+02 -2.786598954463883615e-01 9.210787120733430200e+00 3.196505962865164169e-02
3.500000000019576873e+02 -2.759912383918012857e-01 9.207627156359878384e+00 3.243494792501661755e-02
3.600000000020136213e+02 -2.751634613427509368e-01 9.202452930418797195e+00 3.286596461396103230e-02
3.700000000020695552e+02 -2.755938629327168710e-01 9.196477538098571713e+00 3.366009615053371790e-02
3.800000000021254891e+02 -2.753939353680419089e-01 9.190962662477808465e+00 3.265701211808197391e-02
3.900000000021814230e+02 -2.734247246016476840e-01 9.186165834155231025e+00 3.030366090412733512e-02
4.000000000022373570e+02 -2.703633359691778870e-01 9.181700952782920311e+00 2.709798468606619201e-02
4.100000000022932909e+02 -2.668228591292852725e-01 9.176454135448119942e+00 2.293155709712611096e-02
4.200000000023492248e+02 -2.597578243508887330e-01 9.171119197130646938e+00 1.953283285315694437e-02
4.300000000024051587e+02 -2.513650262283568804e-01 9.167451529105663965e+00 1.770352761273423503e-02
4.400000000024610927e+02 -2.452437569158910091e-01 9.164719116340348748e+00 1.688951198565676048e-02
4.500000000025170266e+02 -2.402278801403183450e-01 9.161442026570586705e+00 1.503699944437810604e-02
4.600000000025729605e+02 -2.353114062072595714e-01 9.158047809206047774e+00 1.303730698312724652e-02
4.700000000026288944e+02 -2.322745244512966767e-01 9.156624238180841147e+00 1.088682448005626885e-02
4.800000000026850557e+02 -2.325793839302118249e-01 9.156176974366660559e+00 6.755842462209047695e-03
4.900000000027409897e+02 -2.324538907330629955e-01 9.156116176979185894e+00 -6.588943771864772935e-04
5.000000000027969236e+02 -2.292494218169364717e-01 9.159013095508127478e+00 -7.695100171246902800e-03
5.100000000028528575e+02 -2.235579776231348681e-01 9.163639374787251768e+00 -1.157139308675846946e-02
5.200000000029087914e+02 -2.181662848189173942e-01 9.167612178688282043e+00 -1.344001084862409164e-02
5.300000000029647254e+02 -2.149914970301124717e-01 9.172280976129712826e+00 -1.513929361576050146e-02
5.400000000030206593e+02 -2.142321709102180671e-01 9.178974420593348782e+00 -1.778333869038962664e-02
5.500000000030765932e+02 -2.155466643979963293e-01 9.186333201158870310e+00 -2.001108606238141338e-02
5.600000000031325271e+02 -2.171930651631071574e-01 9.192975831983432045e+00 -2.082060284308349246e-02
5.700000000031884611e+02 -2.179521461583945330e-01 9.199350036498296745e+00 -2.094826238072697647e-02
5.800000000032443950e+02 -2.179690161920472269e-01 9.205585444547432772e+00 -2.058401614880841363e-02
5.900000000033003289e+02 -2.184920181724242794e-01 9.212410478429022831e+00 -1.915296611648556122e-02
6.000000000033562628e+02 -2.190251424580430262e-01 9.219944248971803091e+00 -1.582792661623455208e-02
6.100000000034121967e+02 -2.195517769131623831e-01 9.227261899282783730e+00 -1.117028171027049238e-02
6.200000000034681307e+02 -2.217171938216153937e-01 9.234775240965776177e+00 -7.362170735121616703e-03
6.300000000035240646e+02 -2.245850670659405024e-01 9.243607481312885454e+00 -6.301394528307488994e-03
6.400000000035799985e+02 -2.258498420069424695e-01 9.252681224272238936e+00 -8.479614270943043944e-03
6.500000000036359324e+02 -2.248496558251314170e-01 9.260560555870476662e+00 -1.371708147229247672e-02
6.600000000036918664e+02 -2.224296136067107910e-01 9.266757975624580368e+00 -1.887667952662928916e-02
6.700000000037478003e+02 -2.205715077376243505e-01 9.270890007669216004e+00 -2.212567246069832919e-02
6.800000000038037342e+02 -2.203024175149922159e-01 9.273520018946783239e+00 -2.391909568118154306e-02
6.900000000038596681e+02 -2.212835119558523300e-01 9.275906751658167693e+00 -2.363118910054940944e-02
7.000000000039156021e+02 -2.228951114405027245e-01 9.279117749269643056e+00 -2.234795125411482078e-02
7.100000000039715360e+02 -2.243781158152537425e-01 9.282701871682094819e+00 -2.145641639818994875e-02
7.200000000040274699e+02 -2.250209575875686818e-01 9.286180173365639945e+00 -2.076563617333488515e-02
7.300000000040834038e+02 -2.254673691713503514e-01 9.289935768437278085e+00 -2.003021222300000251e-02
7.400000000041393378e+02 -2.255330743624339995e-01 9.293808375674045053e+00 -1.902255280319794725e-02
7.500000000041952717e+02 -2.248317539014709487e-01 9.297139480105345299e+00 -1.763959697421915024e-02
7.600000000042512056e+02 -2.235330407235641692e-01 9.299169765157975220e+00 -1.612809619346561654e-02
7.700000000043071395e+02 -2.212028262626768160e-01 9.299985869048308373e+00 -1.404008203378124750e-02
7.800000000043630735e+02 -2.180556534244281752e-01 9.300668182652843896e+00 -1.113953349798809181e-02
7.900000000044190074e+02 -2.147008975289317334e-01 9.301737481657117002e+00 -8.028685492174550062e-03
8.000000000044749413e+02 -2.095537018264482798e-01 9.302933995628867692e+00 -4.718609794177081214e-03
8.100000000045308752e+02 -2.023849052154567396e-01 9.302662128307257916e+00 -2.226228705807914085e-03
8.200000000045868092e+02 -1.959807053865068316e-01 9.301726646762707773e+00 -4.249181084172008759e-04
8.300000000046427431e+02 -1.910273427719172135e-01 9.302318535858562498e+00 2.067865861430413874e-03
8.400000000046986770e+02 -1.864751765888183754e-01 9.304687644523973233e+00 3.222659612695418386e-03
8.500000000047546109e+02 -1.834622356190515891e-01 9.307696920831627807e+00 1.109152817192285596e-03
8.600000000048105449e+02 -1.822836688318236475e-01 9.309964103558332482e+00 -3.027911101828872908e-03
8.700000000048664788e+02 -1.808323660604347072e-01 9.312218036198636639e+00 -7.565771914658656755e-03
8.800000000049224127e+02 -1.792607855484807944e-01 9.315215991831731657e+00 -1.185417220523377058e-02
8.900000000049783466e+02 -1.788884726057466956e-01 9.319140090740120286e+00 -1.442429155801490046e-02
9.000000000050342805e+02 -1.792619023782807963e-01 9.323999560771017769e+00 -1.382230436717998660e-02
9.100000000050904418e+02 -1.805417900793407915e-01 9.329436409452222634e+00 -1.182284791669123772e-02
9.200000000051463758e+02 -1.816115732987696185e-01 9.335860338561795757e+00 -9.809211608604316221e-03
9.300000000052023097e+02 -1.812193961382556895e-01 9.342725751858637295e+00 -7.289879271840543108e-03
9.400000000052582436e+02 -1.806085261006570575e-01 9.348524305764847497e+00 -4.141183483823290996e-03
9.500000000053141775e+02 -1.794897831752005624e-01 9.353383823853269163e+00 -4.217092921015965835e-04
9.600000000053701115e+02 -1.780827862907337911e-01 9.358525669268008329e+00 3.370286988279831784e-03
9.700000000054260454e+02 -1.774036151055603805e-01 9.364524695145457045e+00 5.067630888769758361e-03
9.800000000054819793e+02 -1.774728735929936019e-01 9.370321673885957381e+00 3.215788124363568295e-03
9.900000000055379132e+02 -1.788034422244824118e-01 9.375343620820880020e+00 -1.766819112966873471e-03
1.000000000005593847e+03 -1.796195171536722479e-01 9.381038866913625540e+00 -7.717404954972854024e-03
1.010000000005649781e+03 -1.771734692543356637e-01 9.387976721108239886e+00 -1.292381574282670462e-02
1.020000000005705715e+03 -1.718202411047981271e-01 9.395361911884229755e+00 -1.953381550665051966e-02
