# X VX VY VZ StdX StdY StdZ WSPD TKE
-2048.000000000097 -0.9300691308203185 9.525544851077953 -0.18767923637532025 0.5986999112085952 0.5253373490723144 0.5686216187430674 9.589159802760445 0.9577719662111283
-2027.4170854272081 -0.9350975904427101 9.524318953216664 -0.18325055088358652 0.5995224349695585 0.5172719572367902 0.565614513606314 9.588562862160163 0.9469349225608185
-2006.8341708543144 -0.9408680015928237 9.523517916858582 -0.18062278252313263 0.5992758947941992 0.5094594442121522 0.5597584556000157 9.588382534309204 0.9320412041724324
-1986.2512562814256 -0.9456763661321901 9.525957685275937 -0.17745003002535575 0.6011848118245531 0.5024735517437497 0.5530899977665428 9.591431149771715 0.9198881803104282
-1965.6683417085321 -0.9502707610597887 9.532066483376061 -0.17230504440278285 0.6051885109329497 0.49806214780223784 0.5471986538680342 9.598199064506503 0.9139166035424104
-1945.0854271356432 -0.9550338515230464 9.540663514551257 -0.16484565432063542 0.6104707647114369 0.4968472682073093 0.5435716084085649 9.607514905875757 0.9152685546999568
-1924.5025125627496 -0.9577207536981145 9.55097640530995 -0.1558557777834261 0.6148545387793383 0.49970760326787883 0.5437123147062443 9.61829133362488 0.9236327115170873
-1903.9195979898607 -0.9574587158187807 9.561166458547358 -0.1504747308213426 0.6187249840939409 0.5037192237087393 0.5384509684141584 9.628658156963622 0.9266918585408856
-1883.336683416967 -0.9556096388252396 9.56963465333777 -0.14779396987174326 0.6236481732131158 0.5054552051203325 0.5299037869760603 9.637236488440033 0.9254189135008823
-1862.7537688440782 -0.9512121094220328 9.575757356783164 -0.14403172430487465 0.630696498891728 0.5044473818878583 0.5220643056432719 9.643374496277321 0.9249664546290575
-1842.17085427165 -0.9478988930547549 9.579161420149084 -0.13974770494507965 0.6356302815707056 0.5013928139888401 0.5150753932356441 9.646776924132121 0.9208301603184201
-1821.5879396987611 -0.9487708435644491 9.581376599810651 -0.13475164570785494 0.6372726407827458 0.4989355761088303 0.5093329687955802 9.649188629425257 0.9145228862881146
-1801.0050251258722 -0.9522604706491459 9.582137375694364 -0.1319120476593497 0.6362266364583704 0.4968132881890689 0.5035495645584989 9.6502301982505 0.9051736318394836
-1780.4221105529787 -0.9565010944618689 9.5780906398739 -0.13602408274987426 0.6333804215565123 0.4955056947023007 0.49584108787152265 9.646431426847617 0.8926250821592322
-1759.8391959800897 -0.9596445537197271 9.57399193203026 -0.14371466510683498 0.6313320392185073 0.4940041481718955 0.4896217396146694 9.642515966496783 0.8824547498956163
-1739.256281407196 -0.9603947990645127 9.571619858110775 -0.14789178091315713 0.6286885909213537 0.494241394484373 0.4861171914642132 9.64005470081114 0.8759536710210923
-1718.6733668343072 -0.9645365236983475 9.571564770273842 -0.14756621745993265 0.6228385133547418 0.4953392700866351 0.48188210148781974 9.640034164987739 0.8656243117790248
-1698.0904522614137 -0.9736419282856499 9.574727818199907 -0.1406601174397144 0.6182580169048814 0.49437724141423506 0.4776575227335597 9.643803357975827 0.8549191906649279
-1677.5075376885247 -0.9839330814804839 9.578802258634035 -0.13112395901761978 0.6129888894223638 0.4919248923785259 0.474449140258019 9.648573578627538 0.842957718842732
-1656.924623115631 -0.9919278753728299 9.580927521467762 -0.1219506830148208 0.6051683087783575 0.49109473108228846 0.47424855324502535 9.65103144483567 0.8324392879869684
-1636.3417085427423 -0.9970474662535393 9.582640626206798 -0.11138161758362655 0.6000041206980677 0.49046697060389705 0.4757156662659857 9.652959671249864 0.8269914603379249
-1615.7587939698535 -1.0001273022992194 9.584179051286895 -0.10256933368503875 0.597092340650762 0.48865616409166424 0.47589378488410966 9.654642839417878 0.8218785485377742
-1595.1758793969598 -1.0050802318660637 9.582996586613511 -0.10377150482406682 0.5929820347876257 0.48881601043888095 0.4768205786506255 9.653762668714254 0.8179946739195818
-1574.5929648240708 -1.010316599194652 9.581984776714403 -0.11129679194121914 0.5879490972446673 0.48869957737951697 0.4751889437938935 9.653039460199926 0.8103428221999603
-1554.0100502511773 -1.0165276614503382 9.581663429322177 -0.1172520575706754 0.5803322812007863 0.4894031213908526 0.4797291268207383 9.652948062288138 0.80647136376688
-1533.4271356782883 -1.025932994852071 9.581300137267064 -0.12129022143186913 0.5660175959654978 0.4920722890941107 0.4869497181506026 9.652737455414602 0.799733284477223
-1512.8442211053946 -1.0352211470114112 9.582288881217496 -0.12490337275281854 0.5506876232136891 0.49441158249580636 0.4922752088926335 9.653811162097192 0.7901732877617256
-1492.261306532506 -1.044527836193182 9.584809630660697 -0.12716242987793608 0.5365915182296208 0.4967813577661468 0.4936283827966124 9.656494075755203 0.7785431800491298
-1471.6783919600775 -1.0554360082144985 9.587878891841555 -0.12819914776034455 0.5189547685378068 0.4989412598543286 0.4918364925480495 9.659723307214534 0.7603426979826536
-1451.0954773871888 -1.0662026428683753 9.589751062888315 -0.12974802129798374 0.4934458263804816 0.4991041537980384 0.48704724301994473 9.661393432350938 0.730061201537598
-1430.512562814295 -1.0674837197739753 9.591649933199577 -0.1280466065823097 0.48599296393426455 0.4982417872671313 0.48622563231904115 9.66301198347713 0.7211849859172954
-1409.9296482414063 -1.061298780065146 9.594793404869717 -0.12127407876171208 0.4962797971262058 0.49564959828242316 0.4915609533317851 9.665949202724267 0.7340807835911147
-1389.3467336685173 -1.061555888625882 9.602074604746266 -0.11461618564885448 0.49631913729704913 0.48623223029963675 0.4948764235754341 9.673213048996065 0.7282558419311215
-1368.7638190956236 -1.0690051343863949 9.612875109400806 -0.1064745550297377 0.4853183073497644 0.46929848684495296 0.49551603293923463 9.684213365763119 0.7018333753681063
-1348.1809045227349 -1.0741367220428077 9.622383578572709 -0.09881028400620548 0.48053253866352 0.45685935901803104 0.49104903666025473 9.693999403527542 0.6810630969831923
-1327.5979899498413 -1.0753562523443168 9.628188233217191 -0.09565369096557655 0.48245363538836844 0.4526447681312775 0.48227618977393977 9.699993372217575 0.670346045192174
-1307.0150753769524 -1.076040028713317 9.629801430333464 -0.09436288419969885 0.48644264695983314 0.450386674165887 0.4728176868066415 9.701850095864533 0.6631723732675915
-1286.4321608040586 -1.0791306151401465 9.629460057056134 -0.0927580315899588 0.489889803810207 0.4479004780050906 0.4632345584118635 9.70200313950085 0.6555513649583413
-1265.84924623117 -1.0830720758722363 9.629884018165045 -0.0904889572193059 0.4936556567656499 0.4454303119743743 0.4541762213007595 9.703039469889735 0.648895590803038
-1245.2663316582762 -1.0854907570335475 9.632283543809928 -0.08797731211893303 0.49812969449198585 0.44386898419400495 0.44562879388987653 9.70592704226763 0.6443491446266777
-1224.6834170853874 -1.0882455807478144 9.636040676746315 -0.0836864351589793 0.5022015390513637 0.44493993985747016 0.4365162917739804 9.710193519141226 0.6412997307564599
-1204.1005025124937 -1.093131630369115 9.637944918996348 -0.07758588672563252 0.5054343585671586 0.4455989093753234 0.42757173050260505 9.712800207562173 0.637306820801956
-1183.517587939605 -1.0978620743349614 9.636526302976304 -0.07157085996286965 0.5093545003070018 0.4436025581884631 0.41971429803646276 9.712125814101345 0.632714591941854
-1162.9346733667162 -1.100280737179999 9.632806608889101 -0.06604835178490204 0.5123712064083019 0.44138303567606046 0.4134282538051323 9.708885260916043 0.6284716091252829
-1142.3517587938225 -1.0995348007680446 9.627934099133967 -0.0614194103319746 0.5146825805279266 0.44161943083588834 0.40757070520514893 9.704136602435648 0.6261458045296314
-1121.7688442209335 -1.0963347672416401 9.622063418622929 -0.05800321047147448 0.5170502259753489 0.44572368856271083 0.4019440066324738 9.698154940833328 0.6276075871691172
-1101.1859296485052 -1.0933262271899424 9.613229148507571 -0.05490214490043293 0.5168467886163899 0.45373536106056306 0.39744386472637105 9.689136581261998 0.6309972504201763
-1080.6030150756162 -1.0914609265544364 9.597099755170769 -0.05147175646585438 0.5126211010296499 0.4640702161285633 0.3964179818359601 9.672764727386344 0.6353097637324412
-1060.0201005027227 -1.0887647745770586 9.572313125639603 -0.046251165790583845 0.510377168323754 0.47993295925478885 0.4029802979622924 9.647759222722916 0.6532529099775951
-1039.437185929834 -1.0860476767876546 9.546534903619737 -0.04030545226328472 0.5108051482492154 0.49807078139040745 0.4155932865961261 9.62188388325152 0.6818083067967549
-1018.8542713569402 -1.0816825880517502 9.51939292510199 -0.03711128545300034 0.5151830874038571 0.5198867204230363 0.42722563975858324 9.594654656070881 0.7184207391986076
-998.2713567840514 -1.07115333667745 9.492166546852028 -0.03545426629047019 0.5321122318113256 0.5453988440745818 0.43848668383862294 9.567330161725142 0.7732818082822112
-977.6884422111577 -1.057621467726774 9.467657127285097 -0.027409954306459833 0.560097291805156 0.5665133368965882 0.4588630404410748 9.543100161728676 0.8459155704845335
-957.1055276382689 -1.0449072118331773 9.446054481245694 -0.014714803567294129 0.5883205341733634 0.5815461335264366 0.48821872499580576 9.521976618174332 0.9234281078674288
-936.5226130653801 -1.0354632949675349 9.425639297522846 -0.003489607521565105 0.6103391668065 0.5940567433270906 0.5124631322342816 9.50207033226121 0.9884530932690304
-915.9396984924864 -1.0302948701254524 9.406944877098937 0.0022243782954308755 0.6241195031847033 0.6025925422379695 0.5260451548532329 9.483837209680614 1.0296386516582219
-895.3567839195977 -1.0282745520426055 9.390387771186067 0.005494464002985351 0.6324018816045507 0.6078864691485465 0.5361003961177183 9.467739296218394 1.0570564785228995
-874.7738693467039 -1.0287424406324561 9.375304867407479 0.011175625545970059 0.6378529703184327 0.6123497966420643 0.5415256597543121 9.453233513863394 1.0752170594347905
-854.1909547738151 -1.0308602900068593 9.360752146484137 0.01798070086948516 0.642189839165234 0.6160910095969092 0.5447366480098895 9.439407487049545 1.088800845235632
-833.6080402009214 -1.0335310997724008 9.344341634619955 0.02429867915518693 0.6464496857921648 0.6188424229383226 0.5492012767307518 9.423845059914253 1.1025025633087784
-813.0251256280326 -1.0350749031139932 9.32074805391456 0.032875853352251835 0.6514266342154535 0.6233404640878918 0.5519319678313745 9.401154602656465 1.117699530166772
-792.442211055139 -1.0358784829250829 9.292931256258077 0.04326654680998536 0.6559389084759504 0.6293293728295943 0.552097695262477 9.374213557435395 1.1314647263373518
-771.85929648225 -1.037351395933129 9.263226946821037 0.0529108908469081 0.6584388618951265 0.638132800014513 0.5509741911940514 9.345380585917606 1.1449715429960623
-751.2763819093612 -1.0393985647079416 9.234302193570205 0.05900116516860524 0.659598701499372 0.651093138422551 0.5494895571657052 9.317316175250093 1.1622682113925422
-730.6934673369329 -1.0403989192984522 9.208598809733392 0.0607735846604871 0.6606844372643611 0.6681948299559026 0.5483219905891197 9.292321581791375 1.186307722897306
-710.1105527640441 -1.0402076939168838 9.185510253603518 0.06215463774947634 0.6623350966429329 0.6880392559542508 0.5479366135967794 9.26979129487253 1.2162145132176376
-689.5276381911503 -1.039689629351481 9.16308408361058 0.06491270431652416 0.6650068458199426 0.7117696571313727 0.5463611509199122 9.247888899369944 1.2513301214437371
-668.9447236182615 -1.037470085884041 9.140687848726067 0.0683845579456841 0.6707725835785114 0.7387504018650874 0.5429289072543113 9.225957581828805 1.293531113880631
-648.3618090453679 -1.0341262365312203 9.116061416389952 0.0733391426288687 0.6789316048815467 0.7654688218568944 0.5364076374226323 9.201767761606284 1.3365721251518894
-627.778894472479 -1.0316988857450873 9.088067735770162 0.08006008195311479 0.6852751670265137 0.7924990001846027 0.5267907243224659 9.174150941182491 1.3762452096308166
-607.1959798995854 -1.0294396488713746 9.05734726300261 0.08775886276177976 0.6906900292939211 0.8218700631343339 0.515556758807902 9.143760923676954 1.4187729627821588
-586.6130653266966 -1.0261774422571714 9.022865551707362 0.09719991582820048 0.6950668271162761 0.8532758262184454 0.5058507180974456 9.109463857259264 1.4678403412443242
-566.0301507538029 -1.0224599370174396 8.984465809208107 0.10685118570866378 0.6973501294896857 0.8835154584244567 0.5026173749426884 9.071093104373807 1.521882731771856
-545.447236180914 -1.0210201134779189 8.944223463965582 0.11383753140031719 0.6988510790692862 0.9124386865895926 0.5057893892201542 9.03114623699485 1.5800892343982667
-524.8643216080252 -1.0192818190824424 8.908002763618423 0.12352275047534386 0.7026848495386631 0.9355342782168046 0.5122001602299685 8.995402682648972 1.634957164244165
-504.28140703513156 -1.0108196790272483 8.878684514407192 0.13748439906617319 0.7200446915273647 0.9527102208939349 0.5225232005447168 8.966869455176544 1.7025680998133552
-483.69849246224277 -0.9976569224317948 8.856331279157473 0.15222014625696534 0.7492072630540634 0.9644605302357514 0.5348999233933218 8.945723759961862 1.780567886552222
-463.1155778893491 -0.9881457187555567 8.8406552602388 0.163982978604601 0.766369857019319 0.97044019203481 0.5481748054897568 8.93068209706682 1.8321664295403184
-442.53266331646023 -0.9820529439576263 8.82890172805629 0.17420298472714757 0.7750805673455338 0.9694875438042508 0.5641315078389468 8.919156298528184 1.8612029723654329
-421.9497487435666 -0.9732456056288072 8.818326342097354 0.1848292852844307 0.7853375205851185 0.9621740676401042 0.5811372918391189 8.908553583312568 1.8823576480659503
-401.3668341706778 -0.9630647322906637 8.807080809372751 0.19826212305764396 0.7941290117196023 0.9521103940025897 0.5992962363130058 8.896929739391327 1.8981968773418763
-380.78391959778406 -0.9565450898621113 8.795773651027508 0.21612014176855104 0.795605598199981 0.9413360569410703 0.6193392754792956 8.884976846002736 1.9041207137604683
-360.20100502536053 -0.9502591658143065 8.787390235138862 0.2340975717472458 0.7936727832469007 0.9274394123955975 0.6383677865806004 8.875693585879645 1.8980279033513245
-339.6180904524669 -0.9379300154238752 8.784704283756215 0.2481369760765097 0.7897961535677975 0.9085120313976527 0.6546986269674551 8.871252052044207 1.8784050559551773
-319.03517587957805 -0.9198366215596656 8.784557898443552 0.2554910023970586 0.7867398662782027 0.889851820082086 0.6700478576747525 8.868846072532483 1.8610334750480255
-298.4522613066892 -0.9004436719932524 8.785082943867494 0.25831699250226897 0.7832408141788805 0.8751841218789613 0.6856557195714686 8.866969592781816 1.851257482418051
-277.86934673379557 -0.8836567029662502 8.785989878212078 0.25725884084549255 0.777212022140659 0.8623893075208967 0.6985147677402528 8.865529113626414 1.8377205393503895
-257.2864321609067 -0.8707865788908001 8.789090996698993 0.25549162387332397 0.7711198497451549 0.8485012282109395 0.7100934820897347 8.866662403076045 1.821128121225104
-236.70351758801309 -0.8614005361794161 8.795237100627213 0.2581977391459713 0.7653025514365455 0.8317893587449127 0.7207561899753849 8.871202183612253 1.799663053265405
-216.12060301512423 -0.851974048459664 8.80375066976353 0.2651965095102211 0.7617127287942502 0.8093829228423985 0.7270268337337067 8.878314598896718 1.7667499669705153
-195.53768844223057 -0.8386682556354018 8.81646032410371 0.27340839740128986 0.7619502414591522 0.7814641244572532 0.7321175369217483 8.889652806442545 1.7302446037044206
-174.95477386934175 -0.8214907317131103 8.833745568156155 0.2819040715912621 0.767518491673869 0.7514810055402998 0.7377925523326154 8.905754629217071 1.7008849658953156
-154.3718592964481 -0.8058496872924181 8.854554726500197 0.2901764895028191 0.776127350685123 0.7220117366544263 0.743639461274944 8.925843922181524 1.6787128711863795
-133.78894472355927 -0.7927992938532544 8.8771545793482 0.29902028842960027 0.7875845713516361 0.695035757423059 0.7482190659489869 8.948216440930448 1.6642880941268645
-113.2060301506656 -0.7786278394030421 8.900413991671419 0.3090877806401472 0.802470739574438 0.6739799436861537 0.7503388467657408 8.971450759262423 1.6613364525881216
-92.62311557777676 -0.7611401638038147 8.927618733242863 0.3130087836515595 0.8204263441706477 0.6623247930096533 0.7475506996513281 8.998611929318017 1.6720182590663377
-72.04020100488793 -0.7418901574397356 8.953692013369315 0.3109750605603156 0.8365788905737006 0.6572771232843475 0.7429899600155339 9.024376314102252 1.686365544990758
-51.45728643199428 -0.7218377687895752 8.979750839209267 0.3035817688953385 0.8468162979743068 0.6577332978221424 0.7372756833588621 9.049556445703995 1.69646212990774
-30.874371859105445 -0.702002666877347 9.006110119128909 0.29263114567824944 0.8510585196190406 0.6621714775887076 0.7310568629362307 9.074511884375607 1.7008130218654287
-10.291457286211786 -0.6839500800396774 9.031448272389195 0.2804417173544739 0.8514032845779194 0.6683711618367942 0.7241646954284564 9.09822745267246 1.6998210913279528
10.291457286211786 -0.6684929468885674 9.056295157594677 0.26841586825798286 0.8508341172478122 0.6755569490549121 0.7166634799088732 9.121558960478195 1.697668001731463
30.874371859105445 -0.6536872415241659 9.081649730357768 0.25559922549317665 0.8518303644041497 0.6829706960721625 0.7098298701903675 9.14557903753062 1.6993825303501913
51.45728643199428 -0.6362891184172377 9.108261856814774 0.2420498989272949 0.8575738306286464 0.688268004727751 0.7036987272188542 9.171088231069218 1.70736959968181
72.04020100488793 -0.6195208135378989 9.135083094789938 0.22797533542860576 0.8668946973504814 0.6897943506004492 0.6980617682724007 9.197206261422116 1.7171542288795096
92.62311557777676 -0.6071609679245233 9.159221295838329 0.2127682034355671 0.8764885840736291 0.6871423172829692 0.6926174260565614 9.22105188912922 1.7221024353620584
113.2060301506656 -0.5972884644558887 9.179675044153754 0.19806976941635443 0.8888315200913829 0.680091360534539 0.6864290543113145 9.241724676567115 1.7248573210411662
133.78894472355927 -0.5870178095571057 9.199773609930071 0.18567073589817307 0.9057874114526852 0.6700749966647921 0.6781973720966553 9.262562329223385 1.729570770335221
154.3718592964481 -0.573815845858462 9.222053038469944 0.17517416402338246 0.9232990130861145 0.6558818103649028 0.6666479322977884 9.28558252145833 1.7279646500403842
174.95477386934175 -0.5588235838387033 9.24500620306366 0.1655682079421289 0.9380140603723028 0.6430569812350522 0.654543210262461 9.308999832655774 1.72350352859964
195.53768844223057 -0.5433185658372025 9.266812292310512 0.15807952097483313 0.9523257558112864 0.6332153056511118 0.6425517691707859 9.331295448149394 1.7230718387682311
216.12060301512423 -0.5226880766229047 9.285764745627777 0.1562993871223617 0.978340802417367 0.6286400544480355 0.6343327089801665 9.351795107738955 1.757376352198761
236.70351758801309 -0.5053811683230439 9.30091590348287 0.15997099075483756 0.99800169441712 0.6346746454125991 0.6335855390242301 9.368188477467562 1.8032365025700778
257.2864321609067 -0.5003750422413588 9.314553823134235 0.16541940745687497 1.0009611089403343 0.6476404451167026 0.63371825166779 9.3818654747235 1.8261367979818317
277.86934673379557 -0.49806740422389995 9.330055654624594 0.1713842416844835 1.0006215122652986 0.6610402300490743 0.6321565140647145 9.397140791483526 1.8407856457484648
298.4522613066892 -0.49519828220598444 9.349442686732155 0.17678531380340934 0.9995200680566494 0.67297456808643 0.6302686273689357 9.416128601513876 1.85156087370388
319.03517587957805 -0.4918213470812222 9.369063798144236 0.17768375194994387 0.9978583827547004 0.6842211224714942 0.6280259774716357 9.435222872471725 1.8599697890406728
339.6180904524669 -0.484086114467102 9.38397525475083 0.1737403895326272 0.9940978803278547 0.6962262603025767 0.6276173441303634 9.449159966297055 1.8678397634901802
360.20100502536053 -0.47351655592301634 9.394815421543477 0.1690638578445832 0.9910490543581867 0.7068150170632277 0.6293185249991785 9.458998563246212 1.8781210527987642
380.78391959778406 -0.46404952254958826 9.40536551933649 0.1655757206117338 0.9918899331456573 0.7107576431010765 0.6320274151444196 9.469044217617137 1.8885364784693877
401.3668341706778 -0.45622818482525007 9.41657259712429 0.1606024678914464 0.9948132424653291 0.7074622226915903 0.6332601865673164 9.480094996326198 1.891291101390039
421.9497487435666 -0.447292104415191 9.426459391406558 0.15555187003379672 0.9976831922572952 0.700589299038267 0.6291946771436772 9.489821022451205 1.8822152103237741
442.53266331646023 -0.437003298072606 9.434778565276817 0.15084449489968224 1.0010077343048776 0.6925349187219627 0.6180962568163311 9.498016890963934 1.8637830468963192
463.1155778893491 -0.4274050968814643 9.440767136779218 0.14517869302355668 1.0058627718054065 0.6863440859615059 0.6032166907264636 9.504125379902524 1.8467773060163122
483.69849246224277 -0.4180721729351051 9.443175676835882 0.13846175168460867 1.0119154752774846 0.6830333833473724 0.5867670821231956 9.506827699343589 1.834850379184413
504.28140703513156 -0.40930672875501906 9.438994688663467 0.13060346604162534 1.018117071536931 0.6808881871880561 0.5714311929587421 9.503014510630438 1.8267472379720584
524.8643216080252 -0.40218582197102515 9.42620943966414 0.12342557045139742 1.0228656844783457 0.6817485530041423 0.5586965969075012 9.490549048669594 1.823274658055487
545.447236180914 -0.3912621798504101 9.408781259468883 0.1168479070068229 1.0280467670731257 0.6892057500659586 0.5484146131170032 9.47339207430776 1.8328754860500733
566.0301507538029 -0.3703472231525196 9.389179423187828 0.11214369559265731 1.0324109640309818 0.7030742839773474 0.5387871226125971 9.45371610861378 1.8508317914582426
586.6130653266966 -0.3474156873988373 9.36958775416721 0.11274639048880722 1.031834177230727 0.7232367441348401 0.530414389142239 9.433506420237478 1.8694400525080663
607.1959798995854 -0.3272890997602088 9.351528181679123 0.11617769030422105 1.0293596947653032 0.746817810583243 0.5272206180931511 9.414728138308584 1.8953937519445136
627.778894472479 -0.3086269101629389 9.334363499012756 0.12427879632975228 1.0279258707252041 0.7699112021620282 0.5336709848487207 9.397021558765605 1.9343325169617995
648.3618090453679 -0.2931921160563802 9.319867572967489 0.13259457730332555 1.0261268791618328 0.7906266440970598 0.5462823057026731 9.382029995861933 1.9766931129241927
668.9447236182615 -0.28262501724662015 9.308497720657256 0.1364830835831956 1.023179607269408 0.8075667950893275 0.5673800141479861 9.370176083881256 2.021488942538384
689.5276381911503 -0.2741779959975109 9.300117300294733 0.13624592179423395 1.0208386049544753 0.8196651355321012 0.5913616226710419 9.36148174036186 2.0644022667831754
710.1105527640441 -0.2648939484550561 9.294554219916296 0.13800571339499906 1.022306539049619 0.8273544029472983 0.6054360677330254 9.356037015300682 2.096910046551745
730.6934673369329 -0.2511417889431784 9.290234114343898 0.1431713552132377 1.0335422125362905 0.8318375610787307 0.6135532418014948 9.352789905876461 2.1371264747179763
751.2763819093612 -0.23582169771748315 9.290801189055918 0.14947897306081262 1.0465127517851596 0.8348392832856265 0.6189186734974312 9.35457511042506 2.1754644937831946
771.85929648225 -0.22697208388392875 9.301622991291406 0.1517860680724115 1.0548580430993846 0.8339780950084865 0.6229277002891132 9.366174190020295 2.1964711683771796
792.442211055139 -0.22619538395903663 9.324319185586324 0.144309122550734 1.066346358761926 0.8215061405186138 0.6153795407612859 9.390139949669434 2.1908790606167554
813.0251256280326 -0.22962196617906785 9.351335971396608 0.13232466216707203 1.0768244935865428 0.8002948648803144 0.6011244179330131 9.418352342853412 2.161662501300358
833.6080402009214 -0.23513690214152053 9.376760062690506 0.12033168845335296 1.0829015786496512 0.7797258622025047 0.5883918874634834 9.44444561913045 2.127097051894094
854.1909547738151 -0.2401739174720971 9.398682447578986 0.10923008989124745 1.083830305605684 0.761268181605896 0.579757987874925 9.466369395671224 2.0903558356771166
874.7738693467039 -0.23880109576809674 9.417059981741039 0.10426109283884288 1.077761373444112 0.7415181308903297 0.5803416363633153 9.483749837235314 2.0482860376124794
895.3567839195977 -0.23280086400371672 9.431090399170504 0.10026598988370056 1.0698923168042194 0.720136309129072 0.588242074069605 9.496527713005934 2.0094578117528714
915.9396984924864 -0.22257322719929135 9.439296921902613 0.09679234095726427 1.0618141907244116 0.6997951393469185 0.6022542138392735 9.503455995116898 1.9801624539127798
936.5226130653801 -0.2078886285802248 9.440800164851185 0.09665717659606272 1.0545407840746046 0.6841969541573825 0.6178417352197922 9.503770939821104 1.9623502977413398
957.1055276382689 -0.19250906652272137 9.436251671487874 0.09955521298606093 1.0477353659377446 0.6754213865749444 0.6314793486025566 9.498165077069658 1.95328739396612
977.6884422111577 -0.1799711390171842 9.425868907775929 0.1028640630932839 1.0407169763315205 0.6770143140221261 0.6411225591418283 9.486824808396005 1.9531840131619782
998.2713567840514 -0.16665733322531867 9.41119770223608 0.10544640628893884 1.0347217252990424 0.6884755263347623 0.6456799414755015 9.471331049197527 1.9624534225281787
1018.8542713569402 -0.15000759618678025 9.393499921787816 0.10816413825475268 1.0295569158418718 0.7078274169156525 0.6446280665364591 9.45283758980591 1.9777466464064886
1039.437185929834 -0.13527417875281708 9.37522867555874 0.11206874924225613 1.025634010099794 0.7284371131626329 0.6402952658815421 9.433926038383174 1.9939300255243377
1060.0201005027227 -0.12439894212738437 9.362647207197552 0.11891388786089292 1.0228473908087334 0.7379315021480617 0.6360934825305813 9.42087344991074 1.9965113478587757
1080.6030150756162 -0.11518821654988964 9.357116383640081 0.12878095848194604 1.0208405314870237 0.7339031859943125 0.6317366206847794 9.41497089534912 1.980279377585654
1101.1859296485052 -0.10571796673537573 9.356437903826988 0.13878590463876378 1.019740435074172 0.729652028483194 0.6212423565844791 9.414030018669443 1.958313446957478
1121.7688442209335 -0.09310008735214602 9.358510896096995 0.14708786570609433 1.0182040267481889 0.7318986832028584 0.6031504049741798 9.415781821514924 1.936545694306429
1142.3517587938225 -0.07975149600204434 9.359673063023 0.1549796020771893 1.016684100985784 0.7406906595562829 0.5852181735066966 9.416639875683622 1.9252619290511115
1162.9346733667162 -0.06797343520828486 9.360419378025888 0.1632697735900196 1.0147854384096198 0.7512511649472607 0.5693350059931391 9.417072343228583 1.918968048498631
1183.517587939605 -0.060728228208881754 9.361131413443434 0.17049807421677185 1.0116103041393378 0.7617712394587667 0.5555199794938055 9.417362645994364 1.9130799417064017
1204.1005025124937 -0.053412579500590876 9.360289214497197 0.17672300439656727 1.0083708594917244 0.7706037082021093 0.5432794175052664 9.41607502721738 1.9068781603497253
1224.6834170853874 -0.042444076939462616 9.356085420869311 0.18415141360318582 1.005353954662357 0.7766585000305951 0.535910183706901 9.411395429663411 1.9023554623104717
1245.2663316582762 -0.03113525552812884 9.352144889422178 0.18812334296682515 1.0018240983595201 0.7790483086947707 0.5297302548409148 9.406888585050803 1.8924108780515883
1265.84924623117 -0.021340518167059057 9.34955740161592 0.1813784128207948 0.9971898720517957 0.7802479269624574 0.5146032671277591 9.403588309953093 1.8690353955698509
1286.4321608040586 -0.017649043891919677 9.3478203373466 0.1656872892634353 0.9912048316986096 0.7831527520238221 0.49792795464417156 9.400982261517735 1.844450444275384
1307.0150753769524 -0.018983379998585386 9.348773531777349 0.15001767536723484 0.9875340780733431 0.7827465810932625 0.4814797391294659 9.401380707643678 1.8200628875349327
1327.5979899498413 -0.015063272303009653 9.353163151366063 0.13220340206160947 0.9776335240222551 0.7777832147801887 0.4706887083501986 9.404525148237656 1.7823384624301615
1348.1809045227349 -0.0008929618972062583 9.361395938796898 0.11321788319312244 0.9617010520615061 0.7681853523001082 0.4690645311962837 9.410886543888548 1.7351001982214844
1368.7638190956236 0.018633691258865312 9.373758395611262 0.09576389765792168 0.9499356027736647 0.7545421106571506 0.4733245006177762 9.421862824689118 1.6959711491610965
1389.3467336685173 0.03722787456275348 9.388036821976321 0.07827368685949145 0.9387368497619464 0.7379523477140093 0.48036872948388887 9.434856748654784 1.656880267114825
1409.9296482414063 0.0529496287335897 9.400183373896976 0.0637143657980384 0.9254068389200866 0.7187928173742041 0.4881033672174897 9.44557023459205 1.6116666277886764
1430.512562814295 0.06656647931380913 9.410657850031107 0.05304452082358402 0.9136195171817214 0.6974056554301094 0.4957114025285103 9.454810925946143 1.5671928784719271
1451.0954773871888 0.07926556670102765 9.420369806168672 0.04561990767618999 0.9047090963258002 0.6748103615268597 0.5010231907881156 9.463606257916569 1.5252796073525507
1471.6783919600775 0.09396259040725649 9.428297604774137 0.03980104313922892 0.8975437995935514 0.6521944724444371 0.5032883063484345 9.470867842460057 1.484669720802478
1492.261306532506 0.1101564271813198 9.434093296591465 0.03319349265602212 0.8921933090669059 0.6284751999814887 0.501625010840173 9.476261651826135 1.4431211364711496
1512.8442211053946 0.12308180829007594 9.437604975859106 0.0273545261781862 0.8890101169316748 0.6039779841733622 0.4966511638354498 9.47956789416307 1.402330721354671
1533.4271356782883 0.1314357701294475 9.440235276124728 0.02385754693238013 0.8878426964971305 0.5800269698089384 0.49211340030675244 9.482128892723317 1.3673359736207333
1554.0100502511773 0.13944724427907115 9.442915714952326 0.020970548122558257 0.8869081917581081 0.557873451357477 0.48900804012621546 9.484774139664019 1.3372263111285552
1574.5929648240708 0.1489949229687581 9.444210778754714 0.015802897292980515 0.8849936435329379 0.5389472957140924 0.48779882346337805 9.485992192646576 1.3116542131774411
1595.1758793969598 0.1575745639070478 9.44418343545164 0.006998725488686642 0.8833470296297296 0.5302225981911513 0.489680827040097 9.485916079985614 1.3013356828707994
1615.7587939698535 0.1657676180591464 9.4423636937054 -0.001314786829319668 0.8820505755692695 0.530954032606206 0.4921515541395749 9.484081714103006 1.3023679806557737
1636.3417085427423 0.17209798487184685 9.438291351901047 -0.008444686413912807 0.88196767704387 0.5412207413797223 0.4937115696186242 9.480084352200901 1.314867682489858
1656.924623115631 0.17488815005245412 9.430811558359453 -0.015326343239230806 0.884012062161951 0.5603339516054799 0.4942796850632343 9.472825547563398 1.3401386806449058
1677.5075376885247 0.17851252573373316 9.420530390441838 -0.021191754431366318 0.8825730359914514 0.5865152763767139 0.49316143191844153 9.46248360400064 1.3665302098314578
1698.0904522614137 0.18621802965033124 9.410566159272204 -0.026739392103632242 0.8721594264386134 0.618421868888167 0.49121627555193603 9.451741626711954 1.3848181071111705
1718.6733668343072 0.19432520823740643 9.402094528926451 -0.033420318428864365 0.8594807631201032 0.6528149506544247 0.4902529029029762 9.44230997088577 1.40565629690206
1739.256281407196 0.20114203629045072 9.394085849688643 -0.040579079250436786 0.8484056728526506 0.686277366447376 0.4901537981248738 9.433504677072309 1.4314225310709467
1759.8391959800897 0.2081526469063309 9.385713475020703 -0.04763386421888434 0.8372092960985572 0.7171110177097731 0.49078763539437265 9.42439762079906 1.4563670781952305
1780.4221105529787 0.21654279753885913 9.376323081587183 -0.05549199228394291 0.8251727306725697 0.7444295396003529 0.49173497861173127 9.414300927770835 1.477106339247737
1801.0050251258722 0.2258627082410048 9.36521997087419 -0.06506442723856146 0.8125107084763292 0.7674093379736704 0.49166776867394063 9.402515165276917 1.490924951890012
1821.5879396987611 0.23545333789050302 9.35240423993508 -0.07622231463175534 0.8004695807918705 0.7829738367082155 0.49122841484304225 9.38911345718601 1.4952784383001743
1842.17085427165 0.24631284644693419 9.33769405918398 -0.08788478854936232 0.7887982474202091 0.7850479222176607 0.4954169094589056 9.373903908125273 1.4849839859858665
1862.7537688440782 0.25679953924445825 9.320802659891461 -0.09891073588754436 0.777709378238167 0.7815108114963412 0.5048814811357832 9.356572488237166 1.4721607486123807
1883.336683416967 0.26586789876344574 9.30136526502925 -0.10953952292141464 0.7675033891909859 0.7754305592569143 0.5183122824761047 9.33674812446118 1.4608777127529184
1903.9195979898607 0.2739529162012238 9.28016732554402 -0.12016857274172406 0.7570189602906792 0.7706575569579047 0.5348946884956324 9.315134792623022 1.4548368376015124
1924.5025125627496 0.28226836327138993 9.259006178244986 -0.1311790926962734 0.7448815555749985 0.7697145047973765 0.5536378252879927 9.293460382959449 1.4552925521237314
1945.0854271356432 0.2914188796892421 9.239914874090633 -0.14275298917848836 0.7308736360191008 0.7720949780109724 0.5723214678942398 9.273765214980106 1.4591381498568294
1965.6683417085321 0.30207299437884083 9.225093896085518 -0.1548927617481013 0.7145523179527864 0.7738009753300815 0.5889441700524085 9.258242655292388 1.4573770797983072
1986.2512562814256 0.31509713770567915 9.21626436734535 -0.16783916035711416 0.6956858324779733 0.7689624155624344 0.6028917511837927 9.248640777324933 1.439858866923742
2006.8341708543144 0.3299862611230067 9.213952209029092 -0.17989496431923244 0.6775955093264278 0.752167149754252 0.6147916410579799 9.245714406072654 1.4039042346395236
2027.4170854272081 0.345683547293448 9.219459390474771 -0.18750525195165763 0.6625434629284268 0.7261451041975053 0.6230400705632088 9.250810556412105 1.3552515790173225
2048.000000000097 0.35908647342856165 9.233248085177772 -0.19111763294768858 0.6568093205852273 0.6987865430695983 0.6262336947750653 9.264615879446602 1.3122302398875414
