# Y/D U V
-4.000000000000000000e+00 6.264999999999999680e+00 0.000000000000000000e+00
-3.949999999999999734e+00 6.264999999999999680e+00 0.000000000000000000e+00
-3.899999999999999467e+00 6.264999999999999680e+00 0.000000000000000000e+00
-3.849999999999999645e+00 6.264999999999999680e+00 0.000000000000000000e+00
-3.799999999999999378e+00 6.264999999999999680e+00 0.000000000000000000e+00
-3.749999999999999112e+00 6.264999999999999680e+00 0.000000000000000000e+00
-3.699999999999998845e+00 6.264999999999999680e+00 0.000000000000000000e+00
-3.649999999999998579e+00 6.264999999999999680e+00 0.000000000000000000e+00
-3.599999999999998757e+00 6.264999999999999680e+00 0.000000000000000000e+00
-3.549999999999998490e+00 6.264999999999999680e+00 0.000000000000000000e+00
-3.499999999999998224e+00 6.264999999999999680e+00 0.000000000000000000e+00
-3.449999999999997957e+00 6.264999999999999680e+00 0.000000000000000000e+00
-3.399999999999997691e+00 6.264999999999999680e+00 0.000000000000000000e+00
-3.349999999999997868e+00 6.264999999999999680e+00 0.000000000000000000e+00
-3.299999999999997602e+00 6.264999999999999680e+00 0.000000000000000000e+00
-3.249999999999997335e+00 6.264999999999999680e+00 0.000000000000000000e+00
-3.199999999999997069e+00 6.264999999999999680e+00 0.000000000000000000e+00
-3.149999999999996803e+00 6.264999999999999680e+00 0.000000000000000000e+00
-3.099999999999996980e+00 6.264999999999999680e+00 0.000000000000000000e+00
-3.049999999999996714e+00 6.264999999999999680e+00 0.000000000000000000e+00
-2.999999999999996447e+00 6.264999999999999680e+00 0.000000000000000000e+00
-2.949999999999996181e+00 6.264999999999999680e+00 0.000000000000000000e+00
-2.899999999999995914e+00 6.264999999999999680e+00 0.000000000000000000e+00
-2.849999999999996092e+00 6.264999999999999680e+00 0.000000000000000000e+00
-2.799999999999995826e+00 6.264999999999999680e+00 0.000000000000000000e+00
-2.749999999999995559e+00 6.264999999999999680e+00 0.000000000000000000e+00
-2.699999999999995293e+00 6.264999999999999680e+00 0.000000000000000000e+00
-2.649999999999995026e+00 6.264999999999999680e+00 0.000000000000000000e+00
-2.599999999999995204e+00 6.264999999999999680e+00 0.000000000000000000e+00
-2.549999999999994937e+00 6.264999999999999680e+00 0.000000000000000000e+00
-2.499999999999994671e+00 6.264999999999999680e+00 0.000000000000000000e+00
-2.449999999999994404e+00 6.264999999999999680e+00 0.000000000000000000e+00
-2.399999999999994138e+00 6.264999999999999680e+00 0.000000000000000000e+00
-2.349999999999993872e+00 6.264999999999999680e+00 0.000000000000000000e+00
-2.299999999999994049e+00 6.264999999999999680e+00 0.000000000000000000e+00
-2.249999999999993783e+00 6.264999999999999680e+00 0.000000000000000000e+00
-2.199999999999993516e+00 6.264999999999999680e+00 0.000000000000000000e+00
-2.149999999999993250e+00 6.264999999999999680e+00 0.000000000000000000e+00
-2.099999999999992983e+00 6.264999999999999680e+00 0.000000000000000000e+00
-2.049999999999993161e+00 6.264999999999999680e+00 0.000000000000000000e+00
-1.999999999999992895e+00 6.264999999999999680e+00 0.000000000000000000e+00
-1.949999999999992628e+00 6.264999999999999680e+00 0.000000000000000000e+00
-1.899999999999992584e+00 6.264999999999999680e+00 0.000000000000000000e+00
-1.849999999999992317e+00 6.264999999999999680e+00 0.000000000000000000e+00
-1.799999999999992051e+00 6.264999999999999680e+00 0.000000000000000000e+00
-1.749999999999992006e+00 6.264999999999999680e+00 0.000000000000000000e+00
-1.699999999999991740e+00 6.264999999999999680e+00 0.000000000000000000e+00
-1.649999999999991696e+00 6.264999999999999680e+00 0.000000000000000000e+00
-1.599999999999991429e+00 6.264999999999999680e+00 0.000000000000000000e+00
-1.549999999999991163e+00 6.264999999999999680e+00 0.000000000000000000e+00
-1.499999999999991118e+00 6.264999999999999680e+00 0.000000000000000000e+00
-1.449999999999990852e+00 6.264999999999999680e+00 0.000000000000000000e+00
-1.399999999999990585e+00 6.264999999999999680e+00 0.000000000000000000e+00
-1.349999999999990541e+00 6.264999999999999680e+00 0.000000000000000000e+00
-1.299999999999990274e+00 6.264999999999999680e+00 0.000000000000000000e+00
-1.249999999999990230e+00 6.264999999999999680e+00 0.000000000000000000e+00
-1.199999999999989964e+00 6.264999999999999680e+00 0.000000000000000000e+00
-1.149999999999989697e+00 6.264999999999999680e+00 0.000000000000000000e+00
-1.099999999999989653e+00 6.264999999999999680e+00 0.000000000000000000e+00
-1.049999999999989386e+00 6.264999999999999680e+00 0.000000000000000000e+00
-9.999999999999892308e-01 6.264999999999999680e+00 0.000000000000000000e+00
-9.499999999999890754e-01 6.264999999999999680e+00 0.000000000000000000e+00
-8.999999999999889200e-01 6.264999999999999680e+00 0.000000000000000000e+00
-8.499999999999887645e-01 6.264999999999999680e+00 0.000000000000000000e+00
-7.999999999999884981e-01 6.264999999999999680e+00 0.000000000000000000e+00
-7.499999999999883427e-01 6.264999999999999680e+00 0.000000000000000000e+00
-6.999999999999881872e-01 6.264999999999999680e+00 0.000000000000000000e+00
-6.499999999999880318e-01 6.264999999999999680e+00 0.000000000000000000e+00
-5.999999999999878764e-01 6.264999999999999680e+00 0.000000000000000000e+00
-5.499999999999876099e-01 6.264999999999999680e+00 0.000000000000000000e+00
-4.999999999999874545e-01 6.264999999999999680e+00 0.000000000000000000e+00
-4.499999999999872990e-01 6.264999999999999680e+00 0.000000000000000000e+00
-3.999999999999870881e-01 6.264999999999999680e+00 0.000000000000000000e+00
-3.499999999999869327e-01 6.264999999999999680e+00 0.000000000000000000e+00
-2.999999999999867772e-01 6.264999999999999680e+00 0.000000000000000000e+00
-2.499999999999865663e-01 6.264999999999999680e+00 0.000000000000000000e+00
-1.999999999999863831e-01 6.264999999999999680e+00 0.000000000000000000e+00
-1.499999999999862277e-01 6.264999999999999680e+00 0.000000000000000000e+00
-9.999999999998603062e-02 6.264999999999999680e+00 0.000000000000000000e+00
-4.999999999998585437e-02 6.264999999999999680e+00 0.000000000000000000e+00
1.432275120902249174e-14 6.264999999999999680e+00 0.000000000000000000e+00
5.000000000001450506e-02 6.264999999999999680e+00 0.000000000000000000e+00
1.000000000000146744e-01 6.264999999999999680e+00 0.000000000000000000e+00
1.500000000000148714e-01 6.264999999999999680e+00 0.000000000000000000e+00
2.000000000000150269e-01 6.264999999999999680e+00 0.000000000000000000e+00
2.500000000000152101e-01 6.264999999999999680e+00 0.000000000000000000e+00
3.000000000000154210e-01 6.264999999999999680e+00 0.000000000000000000e+00
3.500000000000155764e-01 6.264999999999999680e+00 0.000000000000000000e+00
4.000000000000157319e-01 6.264999999999999680e+00 0.000000000000000000e+00
4.500000000000159428e-01 6.264999999999999680e+00 0.000000000000000000e+00
5.000000000000160982e-01 6.264999999999999680e+00 0.000000000000000000e+00
5.500000000000162537e-01 6.264999999999999680e+00 0.000000000000000000e+00
6.000000000000165201e-01 6.264999999999999680e+00 0.000000000000000000e+00
6.500000000000166755e-01 6.264999999999999680e+00 0.000000000000000000e+00
7.000000000000168310e-01 6.264999999999999680e+00 0.000000000000000000e+00
7.500000000000169864e-01 6.264999999999999680e+00 0.000000000000000000e+00
8.000000000000171418e-01 6.264999999999999680e+00 0.000000000000000000e+00
8.500000000000174083e-01 6.264999999999999680e+00 0.000000000000000000e+00
9.000000000000175637e-01 6.264999999999999680e+00 0.000000000000000000e+00
9.500000000000177192e-01 6.264999999999999680e+00 0.000000000000000000e+00
1.000000000000017986e+00 6.264999999999999680e+00 0.000000000000000000e+00
1.050000000000018030e+00 6.264999999999999680e+00 0.000000000000000000e+00
1.100000000000018296e+00 6.264999999999999680e+00 0.000000000000000000e+00
1.150000000000018341e+00 6.264999999999999680e+00 0.000000000000000000e+00
1.200000000000018607e+00 6.264999999999999680e+00 0.000000000000000000e+00
1.250000000000018874e+00 6.264999999999999680e+00 0.000000000000000000e+00
1.300000000000018918e+00 6.264999999999999680e+00 0.000000000000000000e+00
1.350000000000019185e+00 6.264999999999999680e+00 0.000000000000000000e+00
1.400000000000019229e+00 6.264999999999999680e+00 0.000000000000000000e+00
1.450000000000019496e+00 6.264999999999999680e+00 0.000000000000000000e+00
1.500000000000019762e+00 6.264999999999999680e+00 0.000000000000000000e+00
1.550000000000019806e+00 6.264999999999999680e+00 0.000000000000000000e+00
1.600000000000020073e+00 6.264999999999999680e+00 0.000000000000000000e+00
1.650000000000020339e+00 6.264999999999999680e+00 0.000000000000000000e+00
1.700000000000020384e+00 6.264999999999999680e+00 0.000000000000000000e+00
1.750000000000020650e+00 6.264999999999999680e+00 0.000000000000000000e+00
1.800000000000020695e+00 6.264999999999999680e+00 0.000000000000000000e+00
1.850000000000020961e+00 6.264999999999999680e+00 0.000000000000000000e+00
1.900000000000021227e+00 6.264999999999999680e+00 0.000000000000000000e+00
1.950000000000021272e+00 6.264999999999999680e+00 0.000000000000000000e+00
2.000000000000021316e+00 6.264999999999999680e+00 0.000000000000000000e+00
2.050000000000021583e+00 6.264999999999999680e+00 0.000000000000000000e+00
2.100000000000021849e+00 6.264999999999999680e+00 0.000000000000000000e+00
2.150000000000022116e+00 6.264999999999999680e+00 0.000000000000000000e+00
2.200000000000022382e+00 6.264999999999999680e+00 0.000000000000000000e+00
2.250000000000022204e+00 6.264999999999999680e+00 0.000000000000000000e+00
2.300000000000022471e+00 6.264999999999999680e+00 0.000000000000000000e+00
2.350000000000022737e+00 6.264999999999999680e+00 0.000000000000000000e+00
2.400000000000023004e+00 6.264999999999999680e+00 0.000000000000000000e+00
2.450000000000023270e+00 6.264999999999999680e+00 0.000000000000000000e+00
2.500000000000023093e+00 6.264999999999999680e+00 0.000000000000000000e+00
2.550000000000023359e+00 6.264999999999999680e+00 0.000000000000000000e+00
2.600000000000023626e+00 6.264999999999999680e+00 0.000000000000000000e+00
2.650000000000023892e+00 6.264999999999999680e+00 0.000000000000000000e+00
2.700000000000024158e+00 6.264999999999999680e+00 0.000000000000000000e+00
2.750000000000023981e+00 6.264999999999999680e+00 0.000000000000000000e+00
2.800000000000024247e+00 6.264999999999999680e+00 0.000000000000000000e+00
2.850000000000024514e+00 6.264999999999999680e+00 0.000000000000000000e+00
2.900000000000024780e+00 6.264999999999999680e+00 0.000000000000000000e+00
2.950000000000025047e+00 6.264999999999999680e+00 0.000000000000000000e+00
3.000000000000024869e+00 6.264999999999999680e+00 0.000000000000000000e+00
3.050000000000025135e+00 6.264999999999999680e+00 0.000000000000000000e+00
3.100000000000025402e+00 6.264999999999999680e+00 0.000000000000000000e+00
3.150000000000025668e+00 6.264999999999999680e+00 0.000000000000000000e+00
3.200000000000025935e+00 6.264999999999999680e+00 0.000000000000000000e+00
3.250000000000025757e+00 6.264999999999999680e+00 0.000000000000000000e+00
3.300000000000026024e+00 6.264999999999999680e+00 0.000000000000000000e+00
3.350000000000026290e+00 6.264999999999999680e+00 0.000000000000000000e+00
3.400000000000026557e+00 6.264999999999999680e+00 0.000000000000000000e+00
3.450000000000026823e+00 6.264999999999999680e+00 0.000000000000000000e+00
3.500000000000026645e+00 6.264999999999999680e+00 0.000000000000000000e+00
3.550000000000026912e+00 6.264999999999999680e+00 0.000000000000000000e+00
3.600000000000027178e+00 6.264999999999999680e+00 0.000000000000000000e+00
3.650000000000027445e+00 6.264999999999999680e+00 0.000000000000000000e+00
3.700000000000027711e+00 6.264999999999999680e+00 0.000000000000000000e+00
3.750000000000027534e+00 6.264999999999999680e+00 0.000000000000000000e+00
3.800000000000027800e+00 6.264999999999999680e+00 0.000000000000000000e+00
3.850000000000028066e+00 6.264999999999999680e+00 0.000000000000000000e+00
3.900000000000028333e+00 6.264999999999999680e+00 0.000000000000000000e+00
3.950000000000028599e+00 6.264999999999999680e+00 0.000000000000000000e+00
4.000000000000028422e+00 6.264999999999999680e+00 0.000000000000000000e+00
