#height[m] U[m/s] V[m/s] W[m/s]
 0.0  -0.5294675875327407  3.133384931578977  -0.02163217103738467
10.0  -0.8427248266523604  5.269455319509091  0.018074543065627016
20.0  -0.9704257914328659  6.576036035371592  -0.01093618729334745
30.0  -1.012035662336869  7.256278243443181  0.019285419094434632
40.0  -1.0147162090274  7.728462370346591  -0.007898539700853115
50.0  -0.989115697583019  8.12069669872159  0.014893485736474987
60.0  -0.940055112068745  8.446724936564772  -0.009223775053561147
70.0  -0.8756051082700677  8.75691736797841  0.007577698652974221
80.0  -0.8013922711696765  9.045524445857955  -0.012679426761480731
90.0  -0.7218963381848957  9.340457986443182  -0.00042530985922263316
100.0  -0.6455896609000379  9.630370182901137  -0.017063457998411673
110.0  -0.571317682721779  9.942280954781818  -0.007641519170582161
120.0  -0.5022702747404827  10.253623510654545  -0.0206331011373723
130.0  -0.43149234004844317  10.581953996592047  -0.013672071174773029
140.0  -0.36023346817511154  10.91037252955  -0.022952751270360654
150.0  -0.2801245561018259  11.247298940529545  -0.01699785278577738
160.0  -0.1883476313391711  11.578829776153407  -0.022851678599125562
170.0  -0.0844943483416818  11.917527932267046  -0.01828644141162068
180.0  0.03234272610551534  12.240136585763636  -0.02122189116669773
190.0  0.15637050188340035  12.55514397652159  -0.018141930211531133
200.0  0.2915792671812294  12.852762603620453  -0.019035993822977073
210.0  0.43186685963044735  13.131714853451138  -0.017248623702006544
220.0  0.5761523027422116  13.395233934879547  -0.016645414617272185
230.0  0.719326053068763  13.641025932394319  -0.016367852158880584
240.0  0.8762984445752252  13.885873761844318  -0.014631503882775105
250.0  1.0364291695142112  14.109379372560227  -0.015987244673081543
260.0  1.2332022809728909  14.351880589790907  -0.013664015005087835
270.0  1.3743398141911007  14.547513450920455  -0.01604139966099317
280.0  1.527783674481255  14.712010584784089  -0.012805644155071502
290.0  1.6710750616773373  14.877263877852274  -0.01614421593243631
300.0  1.8181057058307943  15.022609440477272  -0.012278442193497038
310.0  1.960761829313909  15.165235922352272  -0.016380320655040415
320.0  2.106106174533011  15.303303630704548  -0.01198297805249014
330.0  2.2501177565514774  15.434588037409092  -0.016553685099969392
340.0  2.398968387245  15.567041854420456  -0.011619505703704722
350.0  2.540385471493409  15.6900537425  -0.016573082334817836
360.0  2.6861520301897723  15.812549030318182  -0.011174273579605163
370.0  2.8292763199295456  15.928593796409091  -0.016583028525108522
380.0  2.973311199053409  16.03953088089773  -0.010763033280191441
390.0  3.1071163251613636  16.144073727602272  -0.016390071227816966
400.0  3.246229322918182  16.24818611219318  -0.010297601207722589
410.0  3.3758670837670457  16.345275765477272  -0.016298389742851437
420.0  3.5083514978545454  16.441405626011363  -0.009891300497117329
430.0  3.633811313131818  16.53251277815909  -0.016111379991404155
440.0  3.7572292614090905  16.620387206795453  -0.009530440007019874
450.0  3.8714943716704546  16.701450745431817  -0.015927918545041535
460.0  3.986128983489773  16.781694394215908  -0.009103774838417263
470.0  4.094304097992046  16.85666912405682  -0.01569566396410926
480.0  4.196439300734091  16.929885811420455  -0.008707144330122851
490.0  4.28978586525  16.99991136080682  -0.015463674702024019
500.0  4.364390917717046  17.068158396204545  -0.008394016320798772
