# X VX VY VZ StdX StdY StdZ WSPD TKE
-2048.0000000001546 -1.5894593545558735 8.294062183926693 0.2714912043548676 1.0224173308204403 0.86072365156854 0.7844485600573565 8.503492335473933 2.403493385447945
-2027.4170854275185 -1.584980860506831 8.340306986189765 0.26952022445815504 1.0548637932063276 0.8448063666061285 0.7777573275097779 8.550735862394092 2.4337911906441003
-2006.834170854416 -1.591090922652994 8.373320877978644 0.2446108647977049 1.0712240472273242 0.8463887437583835 0.7508655747437647 8.585191750409015 2.433241822149901
-1986.2512562817797 -1.6133244951314842 8.40307133233711 0.20007189539030298 1.0843220030013427 0.8528782937651886 0.7053040216563947 8.619422401507123 2.4078796102653657
-1965.6683417086772 -1.6385838046929972 8.436789447698013 0.14890772359111018 1.1022507476610313 0.8637459227106485 0.6553739016532807 8.658965838682985 2.397499241337619
-1945.0854271360408 -1.6596757111244804 8.478954882292452 0.10023220097233952 1.1165370854594387 0.874893050953385 0.610476491325533 8.705655657582778 2.3905145986199825
-1924.5025125629381 -1.6771748023819186 8.53307372962758 0.05893562695242114 1.1188761065988193 0.878557179563135 0.5770945219916086 8.761946756244086 2.3617300287228074
-1903.919597990302 -1.6854006777252482 8.591618790695911 0.022861480698450332 1.1105403865543608 0.8757273761991579 0.5583990256366679 8.819535995884985 2.3159532302292916
-1883.3366834171993 -1.6866059033711394 8.648281631819934 -0.015253952245954137 1.0946110218520677 0.8677157270571005 0.5477549670450284 8.873242346086515 2.253949151381309
-1862.7537688445632 -1.6831296425320112 8.70547238762717 -0.05662827665632661 1.074371420252191 0.8482051186564935 0.5423480198789994 8.926347125012976 2.170795816290513
-1842.1708542714612 -1.675511312306657 8.758282730380486 -0.09637049245906418 1.0520096281565656 0.8174100698736989 0.5439690312585481 8.974463611019022 2.0741685742614973
-1821.5879396988241 -1.6678234116544601 8.802464157967734 -0.13026926518862778 1.0281198819072832 0.7902340820565303 0.5560872704458246 9.014260299597487 1.993887839831372
-1801.0050251257223 -1.6649903077085058 8.843324298900605 -0.1589291295360945 1.00190670432147 0.7743897557724477 0.5751224744865786 9.05154007917051 1.9370849845301197
-1780.4221105530853 -1.6702050112370386 8.888754540303346 -0.1835293698143407 0.9758491088993924 0.7628749157239023 0.5973836221294622 9.09460054287129 1.8930805624878384
-1759.8391959799835 -1.6824430101262162 8.938119673750613 -0.20572619130234315 0.9526180968443512 0.751593402904617 0.6212212479182019 9.14288202483827 1.8595068683601603
-1739.2562814073465 -1.699740385671154 8.988624804825735 -0.22412078325689733 0.9331369542609073 0.7388879555014092 0.6372205643109564 9.193506578316562 1.8243245761620237
-1718.6733668342445 -1.7217380454927809 9.038561514552958 -0.23701451383130967 0.9142389684430382 0.7238335155196022 0.6477146944541501 9.244508098689371 1.782366662686172
-1698.0904522616077 -1.7473070109244306 9.08356383570312 -0.24094892783053667 0.8935956683377466 0.702500963793395 0.6583326231914671 9.291354077254306 1.7300787104340651
-1677.5075376885059 -1.7728576961399418 9.124011153621925 -0.23783167110401424 0.8700088959752961 0.6784970231480969 0.6701725665076741 9.333740748259668 1.6714930373084225
-1656.9246231158695 -1.7939232588930913 9.158782720926954 -0.23089471220650953 0.8400142912953388 0.6554138423017815 0.6797327358371654 9.369482680393393 1.6014860146151826
-1636.341708542767 -1.808182950086508 9.187017291726287 -0.223377540539568 0.8018098158830261 0.6323563484720199 0.6805954323772779 9.397157898439163 1.5093519133703528
-1615.7587939701307 -1.8164333296315929 9.211994437528746 -0.21680753239625822 0.7581174093977678 0.6177041006978452 0.6687639813069921 9.420257494033075 1.4073338005104756
-1595.175879397028 -1.8200237313845284 9.236180237526924 -0.21118112685018733 0.7138267908844566 0.6255509039007405 0.6461978155742684 9.441699861419636 1.3228621499384206
-1574.5929648243919 -1.8224897575870547 9.26141096978942 -0.2037555189816871 0.6745565240669313 0.6524986252247752 0.6224424327457588 9.464274749313681 1.2718076819889341
-1554.0100502512892 -1.8305608595905407 9.287268548527765 -0.1896411480872558 0.6498058606695795 0.6868821720524645 0.6106358723579149 9.489527005086174 1.268654329381691
-1533.427135678653 -1.8432381615400524 9.313298502403514 -0.16781255060313954 0.6348390953414478 0.7135042283555448 0.6073938288135531 9.516571798818227 1.2815789343064692
-1512.8442211055512 -1.8556802172677096 9.339652230307586 -0.1447791827213494 0.6225925478223324 0.7237391192957858 0.6026348280844771 9.544082776908356 1.2747619029167407
-1492.2613065329142 -1.8678107435510911 9.366476415505407 -0.128329467018543 0.6149344806579324 0.7248567230101058 0.595550851921579 9.572160170308251 1.2582843132549377
-1471.6783919598122 -1.876271958176119 9.398017899523273 -0.12275807862529335 0.6107969169310629 0.7203549281961806 0.5896202889728088 9.604155665294503 1.2396746883990155
-1451.0954773871754 -1.8798981896598947 9.436998358906422 -0.12211813430786615 0.6090595857858957 0.7082004128836801 0.5857793045050749 9.642571310867542 1.2157135285599296
-1430.5125628140734 -1.8774371124113127 9.476529392039643 -0.11903495552797042 0.6134942633370157 0.6925864506817538 0.5827383044561506 9.680808247355284 1.1957080691302218
-1409.9296482414363 -1.8722862974046304 9.507549445159142 -0.1111393638396097 0.6214018257386105 0.6805379341396975 0.5799045107686156 9.710490411647413 1.1856236095003112
-1389.3467336683345 -1.8674284636523204 9.528317827759036 -0.10165503973930627 0.6268421905328315 0.6751027707268762 0.5766986325559458 9.730091646486033 1.1813297108106313
-1368.7638190956975 -1.8621158724036095 9.54465707759179 -0.09153249370674596 0.6331845499740558 0.6733146705429977 0.5739832240187421 9.745348588953398 1.183788364677309
-1348.1809045225957 -1.8573061425947353 9.564907315375715 -0.08320440590672921 0.6406577439762878 0.6705155291457041 0.5703481664494365 9.764562192242726 1.1853824824117623
-1327.5979899499594 -1.8514088723305728 9.584977988263358 -0.07894038430972383 0.6443917085074384 0.6719744887101191 0.5692295679356857 9.783116245095181 1.1908505471446866
-1307.0150753768569 -1.8430173005507697 9.599466065942622 -0.07214212480769228 0.6474321628102361 0.6751499280708526 0.569805275192829 9.795827442422029 1.1996966098796227
-1286.4321608042205 -1.8320148630564586 9.602941619790496 -0.06499052982077308 0.6467800183264589 0.6782412906288461 0.5708607526756717 9.797161193629282 1.2042531184564327
-1265.8492462311178 -1.815161571473106 9.595659984871292 -0.0585588842779444 0.6412121624248756 0.6859827172140249 0.570514184232514 9.78659885564799 1.2072755168576197
-1245.2663316584817 -1.7862000934448745 9.583678728546571 -0.048541824139568986 0.6356478431636843 0.6968317175807096 0.574279479210717 9.769204473067152 1.2194802152696564
-1224.683417085379 -1.7487937725176097 9.574248594379382 -0.03723580900097847 0.6313555343772437 0.7065941131560213 0.5865639932065743 9.752858477496124 1.241976994679986
-1204.1005025127429 -1.714041266200172 9.575455272549089 -0.03572020589891349 0.6315881841102111 0.713079897642491 0.6025809271186566 9.747697818757413 1.2705191978482167
-1183.5175879396402 -1.685390553866161 9.589098675815963 -0.03977802444105319 0.6333174391268437 0.7117369795658313 0.615746016647995 9.755864134785144 1.2868425421220167
-1162.934673367004 -1.6607187946925075 9.602944795227902 -0.04460215621369227 0.6374565293128571 0.7133956358125455 0.6246168102290626 9.765101457662901 1.3054711782052029
-1142.351758793902 -1.6397137868005984 9.612645670927584 -0.05070914965492704 0.645348083825728 0.7193663101495695 0.6257246801832096 9.771349131330608 1.3255300845427584
-1121.768844221265 -1.617462600231692 9.622393959639364 -0.05646980742358086 0.6552901113925855 0.7203012045012505 0.6209909507978877 9.777648589530733 1.333896111401774
-1101.1859296481632 -1.598667897239884 9.629027091281333 -0.06412030407214198 0.6696918679630707 0.7190368407872109 0.6107655349230222 9.781995605963328 1.338575001959998
-1080.6030150755262 -1.5792922951004587 9.6256596539379 -0.07144200495552497 0.6862848420680608 0.7171201071182908 0.5911033091181896 9.776787544278614 1.3347641186172454
-1060.0201005024244 -1.5598151650960972 9.619391718543978 -0.08392322797372805 0.7037413393730992 0.7153660803862362 0.5661042624016032 9.768949657938169 1.3277362450774177
-1039.4371859297873 -1.543790237949268 9.619802272250933 -0.10339823903881352 0.7244804099396186 0.7150776854311689 0.5481206843765226 9.768454223431995 1.3370032479148797
-1018.8542713566856 -1.5294470344910152 9.626569754792177 -0.12714461388455972 0.7459437067269423 0.7134356053500439 0.5437855394780283 9.774406330128633 1.3614207529209457
-998.2713567840485 -1.5168158693959333 9.632200611436414 -0.14915355920860635 0.7603264552079732 0.712962744177658 0.5473215659013888 9.77894098402274 1.3861497250007775
-977.6884422109466 -1.5070040596460927 9.634346243476175 -0.16251731846481682 0.7653439575080323 0.7125460404795247 0.5492402505604015 9.779879029002704 1.3952355629113036
-957.1055276383104 -1.501078325272567 9.635235502917556 -0.167788058214367 0.7648043257570222 0.712575480870487 0.5458753806097417 9.779863110453093 1.3907681832673968
-936.5226130652078 -1.5010359961691464 9.63638308381853 -0.16971770416390383 0.7641060251338987 0.7112978642946748 0.538198572065101 9.780974913661023 1.379663174325341
-915.9396984925716 -1.5035367346695332 9.63902426373804 -0.17117822089556087 0.7643630045057983 0.7087240520629481 0.5307305154178716 9.783992501261148 1.3684259818641824
-895.3567839194689 -1.5036680206317787 9.64447369079474 -0.17094936528942534 0.7640216126078595 0.7040126420866645 0.527317404299896 9.789397747306415 1.3575508061751962
-874.7738693468327 -1.4968268736084327 9.651063151278152 -0.16177703066058233 0.7678174037966539 0.6990446418006876 0.5290270176177705 9.795268977846916 1.3581556812565756
-854.1909547737301 -1.4865296255367793 9.65061497282449 -0.1474483922266404 0.774839495444028 0.6972353220390877 0.5373386704543326 9.79409442958142 1.3753674864882197
-833.6080402010938 -1.4794087418915765 9.642924868141879 -0.1401866087232771 0.7765454943449616 0.7077499068637008 0.5434155892578227 9.786031900217278 1.399440409818431
-813.0251256279912 -1.4725490328048516 9.637302295422057 -0.13230826406146695 0.7746208918477072 0.7256919723217413 0.5417725404047609 9.779625923507156 1.4205120795782213
-792.442211055355 -1.4666828392426887 9.634016386874316 -0.12185373458695367 0.7730319550136763 0.7423392319652293 0.5357882567021285 9.775418433233702 1.4360288065724978
-771.8592964822531 -1.4578858967776602 9.62986344093974 -0.11140877439033234 0.7738333720813744 0.7549984962214866 0.5313641602091197 9.769915038386369 1.4514081597642852
-751.276381909616 -1.4472037946383867 9.620778523515533 -0.10479754195210622 0.7740790276744389 0.7640982827299001 0.529727010651406 9.759300546491824 1.4638466325440904
-730.6934673365142 -1.438130721783099 9.6076894597342 -0.09578874702427756 0.7719416525704232 0.7722564212205374 0.5328913614809654 9.744918170323773 1.4764725257879574
-710.1105527638773 -1.429000084135267 9.593826453567484 -0.08155839949589483 0.7673485025286257 0.7807205511950575 0.5423881690833781 9.729545497173037 1.492850559326052
-689.5276381907754 -1.4190251183403502 9.580325077734006 -0.06341216912313155 0.7605393477880888 0.7893609371238078 0.5622245004398607 9.714258514423168 1.5184848541514064
-668.9447236181384 -1.407276322033443 9.565066177404056 -0.04129546451613439 0.7532102394668265 0.7952051346467321 0.5950835878110443 9.697094307554718 1.556038566433502
-648.3618090455021 -1.3925899791308394 9.546799072786941 -0.01407074728001238 0.7446139240471048 0.7998460471559543 0.6410297249163668 9.676523485908845 1.6090762842773032
-627.7788944723995 -1.3808452450689312 9.52490905937498 0.018469239744072764 0.7370651694428536 0.8127492741326869 0.6900626993524667 9.652984829287558 1.6849018483533615
-607.1959798997633 -1.375074487507462 9.500799019089893 0.04272706158012854 0.7312983095477837 0.828970575089294 0.7286025280108669 9.628329779140342 1.757581905922313
-586.6130653266614 -1.3719985281663911 9.477094522090544 0.05225621945795558 0.7270730777322739 0.8481131239014337 0.7520815444391036 9.604617948303725 1.8169519469689503
-566.0301507540245 -1.3694750433558345 9.457778686579505 0.05481050762937799 0.7245459738511462 0.8644394193471816 0.7676964321042732 9.5853286393943 1.863244924458189
-545.4472361809226 -1.3679687349548693 9.440778324242798 0.05733924752124655 0.7206500856913012 0.8747585797869741 0.7750314199474069 9.56828003160264 1.8858329958082796
-524.8643216082855 -1.367060293631738 9.427521278678835 0.05761368500964998 0.7161061049551211 0.8787646382438031 0.7801650127527759 9.554926255282817 1.8938898880048454
-504.2814070351837 -1.3650699988552488 9.417268092604113 0.05139781971541493 0.7116959926489189 0.8800326621418195 0.7852737291911569 9.544352305725216 1.897705409089789
-483.6984924625467 -1.3606924193292609 9.406978998983654 0.04065625204125718 0.706122032044913 0.884977398172345 0.7862065332230045 9.533238802781693 1.899979019121972
-463.11557788944486 -1.3526105035574094 9.400290533832237 0.02944345200047812 0.6974965751192158 0.8936230113683504 0.786914097847975 9.524713569841683 1.9044336017111392
-442.5326633168086 -1.341642815539199 9.399181682582162 0.015738164672325996 0.6881485832162209 0.9057926781725385 0.792645767644855 9.521074178077008 1.9227446634379204
-421.949748743706 -1.3296860696585056 9.403365531164852 -0.0012043626613238642 0.6808828660218461 0.9188681408398924 0.7975339877790952 9.522874619793438 1.944687029396994
-401.36683417106974 -1.3210017988052396 9.41311651119874 -0.017369272456740706 0.677016429177101 0.9266601697222601 0.7980367080427877 9.531089386897614 1.9543903093103603
-380.7839195979671 -1.3127723983703508 9.420553258133674 -0.033644987911286305 0.6722348599198188 0.930378563005474 0.7905675766824027 9.537067285937852 1.942714323764585
-360.2010050253309 -1.3021390553869914 9.421454608681223 -0.04374230901706381 0.6643670289542033 0.9335744323479236 0.7753756214491965 9.535873324538503 1.9149067786546752
-339.6180904522283 -1.2889368199689362 9.418158115865602 -0.042159474953038276 0.6557857352569779 0.941325294073544 0.7563504235530725 9.530032571160495 1.889308800387742
-319.03517587959203 -1.2779541934896845 9.413757771970728 -0.02916448323938006 0.6531993239643322 0.9506337597090019 0.7420026653485494 9.523858393804911 1.882080521076177
-298.4522613064894 -1.2750002454396256 9.411630590662234 -0.012109470791109567 0.656537835148071 0.9603043362719063 0.7391870166127955 9.52144676851399 1.9014686991703156
-277.86934673385315 -1.2826652566451116 9.405411821499612 0.0056214453462056085 0.6618841482222222 0.9796495922907147 0.7441882162630596 9.516711817373631 1.9544245582070718
-257.28643216075125 -1.3009877212885608 9.389316731480822 0.021388325242641323 0.6706456137771613 1.0084607488878783 0.7463424258816438 9.504388099958057 2.0261952325547035
-236.7035175881143 -1.3293696375566741 9.36783720919155 0.024468777178405763 0.6875338439467484 1.0410394814764223 0.7427937482247947 9.489433441050418 2.1103588258644597
-216.12060301501245 -1.365603694306371 9.347852098840994 0.01311190283946423 0.7140838286610566 1.0649401950675395 0.7279367176457643 9.478374243916804 2.1773882026360054
-195.53768844237544 -1.4002959756449738 9.326861373495195 -0.00492430405329402 0.745697105504399 1.0868440880878 0.7093554876411375 9.466700132341105 2.2454114784821573
-174.95477386927357 -1.422385810213385 9.29273436997562 -0.021182675832072593 0.7744578422755896 1.1309536523787957 0.6968716465736053 9.440114678838352 2.3712149043964454
-154.37185929663656 -1.427608440690365 9.242082250865913 -0.02238015260325604 0.7931831512742452 1.1878367729030472 0.6951494230691716 9.393689512412168 2.5293070693909963
-133.78894472353468 -1.417974526024907 9.190972864664076 -0.0007530279695891831 0.7976892784392545 1.2231090286639936 0.7144451673492521 9.342796151156385 2.6473022990307147
-113.20603015089772 -1.3940412768691872 9.15419095672641 0.03629556933830182 0.787507608428664 1.2451418751447392 0.7396465470192873 9.302017985044275 2.7196214698833594
-92.62311557779584 -1.363462783638197 9.140992666551101 0.06998573471829632 0.7810174541335086 1.2475034879864306 0.766240084687434 9.283228587292372 2.7536150358216656
-72.0402010051596 -1.3358075743768538 9.143444145368015 0.08449603682478878 0.7790282258130239 1.2352427452463637 0.7779544685650918 9.280573283791636 2.7379884491130997
-51.457286432056975 -1.3100023054346015 9.151753990623156 0.0883192664686147 0.7794105619072831 1.2191295339277013 0.7817444990426533 9.284247709962477 2.7051134929499048
-30.87437185942075 -1.2804607693100056 9.159534002048764 0.09420794525861902 0.7842873521108886 1.1994183367685958 0.7993774653993414 9.287729188282045 2.6929306306328535
-10.291457286318112 -1.2473573918411944 9.165996731691154 0.10437168788952814 0.7897562015895516 1.1701623860268346 0.8098822380810138 9.28978910160094 2.6490840712583856
10.291457286318112 -1.217724779936417 9.16953703880244 0.11471617116999919 0.7930235074781649 1.1370144272943077 0.8086064188336602 9.28917902624152 2.5756946732717707
30.87437185942075 -1.1945453026927357 9.168654094977414 0.12630388425822306 0.7960014753413976 1.1096475688175549 0.8115487513150111 9.285040843757884 2.524221255157746
51.457286432056975 -1.1753567248346908 9.156151402537596 0.14238173823597475 0.7999541078895019 1.092351228771477 0.8243236724918577 9.270276347552203 2.5139203837771524
72.0402010051596 -1.1558657155521375 9.128652598497933 0.15462917226629994 0.8020551883323865 1.0898282161708426 0.8360138173736603 9.240999426324297 2.532009596109234
92.62311557779584 -1.1356789277277037 9.083142432864976 0.15821025371120287 0.8012055697295122 1.1114224665046997 0.8414893215212349 9.193717645926073 2.58740515662102
113.20603015089772 -1.1201601650923592 9.033001462636044 0.15920098213613953 0.797816940132 1.1381309087433935 0.8512103495242574 9.142086949736171 2.6575670116495616
133.78894472353468 -1.1171585098724999 8.99749613487565 0.15921062286084678 0.7946496002825606 1.151400957693111 0.8612409637001298 9.10633019317139 2.6992992328742345
154.37185929663656 -1.1179867469128584 8.971303191174872 0.1600298901965308 0.7900137355865864 1.154720889720588 0.8672131364130006 9.079992852814346 2.709698960671967
174.95477386927357 -1.1137388609286898 8.944393947477025 0.16817212482552124 0.782768541492306 1.1623568464055116 0.8708316393327593 9.051823799588652 2.7222234368271985
195.53768844237544 -1.109711876066748 8.912992015427555 0.17992219673133994 0.7820081439130845 1.1732338397095765 0.8679267962898622 9.019896935387221 2.741536769057837
216.12060301501245 -1.109575372424067 8.88090945349531 0.18575856255727646 0.7866895253610193 1.1787482651767238 0.858167538091207 8.988595185132915 2.745283235894683
236.7035175881143 -1.1119816951613488 8.859462511967546 0.19288262926438768 0.7947610177667404 1.1716550749790016 0.847183708161381 8.968441596823086 2.7229557444301427
257.28643216075125 -1.1153110287794845 8.850716228995559 0.20613796962205977 0.8092093038335915 1.152832678257146 0.8249930697828644 8.961218073958113 2.665338738534382
277.86934673385315 -1.1187371879359573 8.840106508312534 0.21955366864560194 0.8179961735629968 1.135771009846801 0.7924417830240001 8.95182754385245 2.5876961263455835
298.4522613064894 -1.1204849927614742 8.8216519408734 0.21992062477188487 0.8269343911100003 1.1246635501210898 0.758384403578263 8.93461765336802 2.5241084740171993
319.03517587959203 -1.120934614186873 8.806975264078979 0.20753878903145978 0.8313724502136299 1.1107070084314306 0.7241065939578717 8.920398353847757 2.449336156348676
339.6180904522283 -1.1284160131767722 8.802974763524649 0.18547831679157267 0.8331938146930083 1.0877421236160376 0.6994628612631102 8.917364013078952 2.367058993982538
360.2010050253309 -1.1428043709287794 8.806068000374378 0.16209519839365163 0.8534835055158203 1.0815935724589814 0.7008360027583038 8.924194349101445 2.3900192793154775
380.7839195979671 -1.1630691450216664 8.830988640562282 0.15238391438795912 0.8644210611857507 1.056411805188651 0.6990900503128786 8.952457547316966 2.3525467557302036
401.36683417106974 -1.1765459568481091 8.852879185528078 0.15237411572992396 0.8709808452695582 1.0226949096487312 0.6903148763425209 8.97643937119108 2.2818567739897535
421.949748743706 -1.1765850626234684 8.860653600422191 0.1595299673143495 0.870020683741663 0.9914797153109269 0.6850906009763268 8.984048299947084 2.2104628961499717
442.5326633168086 -1.1779200201802222 8.858914828522902 0.14884799751421374 0.859310049703414 0.9776202146871256 0.6861282485987269 8.981388981112516 2.166022377882061
463.11557788944486 -1.1895516240563841 8.855776084877526 0.118672693303209 0.8487810834657014 0.9731720275789548 0.6862510790244299 8.978678329133654 2.139042347460714
483.6984924625467 -1.2082126196377527 8.847467365656382 0.06937950109795091 0.8491844595325455 0.9728422754908026 0.6888896013976211 8.973013406456076 2.142470048490873
504.2814070351837 -1.2319040534489145 8.85253111143252 0.014785007861587665 0.8550426112135912 0.964278799633568 0.6886201894415223 8.982015893499975 2.1359961175520854
524.8643216082855 -1.2687739541694028 8.869859329009474 -0.007114661861968672 0.8717161445481116 0.9453443901786074 0.672545547475479 9.006121624323209 2.1075779333577156
545.4472361809226 -1.3060192205819907 8.88030904239552 -0.013448966791778368 0.8941666293129681 0.9301748912398414 0.6648008033174495 9.02404462816128 2.1077396951710066
566.0301507540245 -1.323061416186388 8.871411275061643 0.007979581494051785 0.9050223001324422 0.9227665384497714 0.6721581047899918 9.01887655547685 2.1225093907194146
586.6130653266614 -1.325790079568344 8.85616074923825 0.04974247559600023 0.9057219140064974 0.9040375482283154 0.6918151602229112 9.004461810552502 2.1163871763038724
607.1959798997633 -1.326837300318617 8.838229220410128 0.08822431332159286 0.9181860032378315 0.8883460355860349 0.6963825640021533 8.987885975286702 2.117424257997135
627.7788944723995 -1.3303821135899934 8.820399608587428 0.11320759975879113 0.9470670069742679 0.8804855405840372 0.6858687506156302 8.973285670739916 2.14325914400302
648.3618090455021 -1.3373778656657813 8.812712784699116 0.12299682957137043 0.9823529368384539 0.8737511235720489 0.676712523613774 8.969921375310939 2.1871409367598176
668.9447236181384 -1.344351660799544 8.817353065002408 0.12507481251250183 0.9982800896933461 0.8785640919888555 0.6955114029803184 8.976567717078098 2.2525293421070094
689.5276381907754 -1.3578927048322187 8.81728680521563 0.1360176281055803 1.0043947043238726 0.8976786843453529 0.7230601327863054 8.979235316494261 2.337821330291799
710.1105527638773 -1.3732331001273952 8.81459612838521 0.13372128655774368 1.0094815274359523 0.9305179325758802 0.7408029761640125 8.979147607306635 2.434420765357796
730.6934673365142 -1.3816023826090176 8.795792872608562 0.1303749070626577 1.004213120608174 0.9438333311687725 0.7488223929795785 8.961783547428332 2.460057843770256
751.276381909616 -1.3935854666146017 8.775372619686012 0.12688602740765575 0.9985088448750706 0.9809267025474658 0.7446314148458905 8.943575736096388 2.5141448457222766
771.8592964822531 -1.392411495074574 8.730654891728728 0.13554122432788662 0.9818871137527192 1.0341441278227146 0.7411636305491138 8.89798791927621 2.5845064261281103
792.442211055355 -1.390591206573907 8.677952567544407 0.1502638547277445 0.9775114072513311 1.0567716311457156 0.7114660260486854 8.845090259183529 2.5802477246347357
813.0251256279912 -1.3913961920154367 8.614386575944238 0.15881601222574837 0.9636932174731745 1.0835796202555983 0.6853733178049073 8.781659134438927 2.575695110669641
833.6080402010938 -1.4004183660698333 8.584800650399039 0.16042489522818437 0.9442302554725864 1.096441700931071 0.6811416097715548 8.752587740360577 2.5596464459327404
854.1909547737301 -1.4047040996334004 8.598447025902573 0.17907417714071927 0.922058722723981 1.0664633368872902 0.6824589474720011 8.76381586358177 2.4542842324100307
874.7738693468327 -1.4062956680733072 8.617028842733262 0.2124625279993452 0.9080411098518676 1.0464247028527207 0.7027017909976281 8.780329273040937 2.414125072388546
895.3567839194689 -1.4062129664805616 8.624078928322911 0.2427747648321152 0.8992336472708331 1.0528941075957003 0.716557532645545 8.785843100063817 2.4315468223744676
915.9396984925716 -1.4012706893296292 8.623334822024235 0.28133663195787817 0.8817215053794436 1.058954727931751 0.7169727437027272 8.782160349365064 2.4136248330966814
936.5226130652078 -1.3847738120745117 8.609564658156657 0.3176607446594151 0.8585634300439156 1.0700280835585174 0.7316878803238681 8.76355796296638 2.4188585789467307
957.1055276383104 -1.362853453852513 8.59120124813846 0.3453359406455645 0.8345709328972675 1.0691278219077407 0.7593598214161965 8.739851046479947 2.4173162032914455
977.6884422109466 -1.3502059756619278 8.565755610473014 0.3590311793171035 0.8179135138022773 1.0577922475780142 0.7758298920457651 8.7111687119217 2.3907156387993247
998.2713567840485 -1.343203856482764 8.54731757305054 0.3719575035420742 0.8195452022508156 1.0118601214323877 0.792709043270869 8.691666407541508 2.3251918766895994
1018.8542713566856 -1.341242691812368 8.543512017774287 0.374494035997152 0.833310732611544 0.9516299407958179 0.8139882709498806 8.688599827074626 2.2643446620727823
1039.4371859297873 -1.342355619345303 8.53218546562504 0.35669309204861144 0.8405031375009034 0.9088092572244709 0.8092727600015506 8.678603573660734 2.189219637831973
1060.0201005024244 -1.3471443500789841 8.528635124815432 0.3235104316879216 0.8347241915785772 0.8864480710647802 0.799660967975172 8.675572887422973 2.1238532288509484
1080.6030150755262 -1.3443368813360395 8.546580116918996 0.2930180775269019 0.7880038481190181 0.8557503289485717 0.7455967506321763 8.688294449760459 1.909656334767718
1101.1859296481632 -1.3364417306760576 8.566926794991682 0.2677212997177051 0.7788927954148547 0.862596034319312 0.7362620072910383 8.706002682767748 1.8930001564021264
1121.768844221265 -1.3329855791697336 8.605207228023684 0.24764067429198708 0.7801922470014158 0.8651130349124531 0.7330643689393079 8.743063555248728 1.8945797161304567
1142.351758793902 -1.3352958340039223 8.663955113648687 0.22866571817998607 0.7893783948854091 0.8551756405725743 0.7326506372593766 8.802025040969426 1.8917129516334572
1162.934673367004 -1.3312039700277936 8.73255046760176 0.21929724165227638 0.7957639768435106 0.8380274419117761 0.7430345613362455 8.869288341695325 1.889057534226552
1183.5175879396402 -1.3136508036733423 8.797384680539917 0.22519562303221036 0.7951005693812343 0.8206891862271154 0.7702727544497701 8.930131185939478 1.9010098823509887
1204.1005025127429 -1.288555375867276 8.840068011737886 0.23680201263071954 0.7972807879915552 0.8133472787063308 0.80324400152778 8.968507916802189 1.943491353105495
1224.683417085379 -1.268723148328815 8.850701835674464 0.24628084762462407 0.8082370981027353 0.8176559139311539 0.8136488763982546 8.976899738713882 1.9846993735905558
1245.2663316584817 -1.2607469431639133 8.839544591501635 0.2480477924469967 0.8250273694507957 0.8345126654222285 0.8009716050878707 8.966044245648447 2.019494552744119
1265.8492462311178 -1.265513754805678 8.819253957874439 0.2435950747165883 0.8413278772051898 0.8606268300392984 0.774714859427033 8.947983074119936 2.0497747335472627
1286.4321608042205 -1.284135484600891 8.791775601172954 0.23038740003278613 0.8513620419742903 0.8971747633115994 0.74333179941791 8.924367723136568 2.0843742577647792
1307.0150753768569 -1.31961560349133 8.751093048370446 0.2111703216306786 0.8606527537607217 0.9412905082118872 0.7272771518951981 8.890817376566098 2.159443319893257
1327.5979899499594 -1.3599518207203516 8.69673825163652 0.1980396520160012 0.8726703191122892 0.9871895336645763 0.7212025477528194 8.845109678513385 2.2600642219199916
1348.1809045225957 -1.388262305748079 8.642468402397588 0.19855076435622063 0.8747204578996912 1.0291750770099688 0.7150471699760098 8.796757871093478 2.337948301752804
1368.7638190956975 -1.4023392329743447 8.601053367448971 0.20026861551051708 0.8705267540170961 1.0625093288129692 0.7117147999492492 8.758108115579068 2.394207070826974
1389.3467336683345 -1.404002361911393 8.577861811034655 0.2162699865742252 0.8634367859545451 1.0818882840924668 0.711352850378454 8.734760984161854 2.4223097939795815
1409.9296482414363 -1.399594905261824 8.566877344733793 0.24569112022554326 0.8558622611320598 1.085458589342822 0.7148888559078704 8.72208101125684 2.422544997002798
1430.5125628140734 -1.3935426140294889 8.558262772993158 0.28363666047710717 0.8507252127932164 1.0809598872686341 0.7258554856062932 8.711555662906061 2.420333724729341
1451.0954773871754 -1.3811534527437734 8.542575062520063 0.32674148591323543 0.8453873441908382 1.0885592253384004 0.7498062758271956 8.693118683848262 2.4636141574111834
1471.6783919598122 -1.3462250831694684 8.508833703871634 0.3619194633400426 0.8441364285422885 1.1229588760039957 0.7826949424473357 8.653713290395096 2.58848867744594
1492.2613065329142 -1.3042624217628003 8.455362038771757 0.3847313357266101 0.8468433045184797 1.1869197473501043 0.8048566512454169 8.594053829217723 2.7763226915516106
1512.8442211055512 -1.274927984432851 8.40507048020577 0.4097405446006134 0.8441242370049272 1.2586665316237888 0.8156148933275331 8.538850771076245 2.963637941733925
1533.427135678653 -1.2493627243549907 8.365473160052275 0.44071324886247004 0.8396621133313267 1.3125496617837538 0.8303094275178113 8.494891333589825 3.1179751607950297
1554.0100502512892 -1.2182420919161374 8.335721355606022 0.47483823205753056 0.8314162185851193 1.3372707670240123 0.852157323446833 8.459916552596452 3.2067174956690456
1574.5929648243919 -1.1967830902896335 8.329256944006993 0.5058649210946157 0.8232148421793358 1.3258241828328077 0.8744449116777769 8.449734562756689 3.2024506913423654
1595.175879397028 -1.1973858085731695 8.363393872275019 0.5377580341868047 0.825713600752625 1.266770918887508 0.8925138411523583 8.484270147667928 3.0880770641793984
1615.7587939701307 -1.2237299190309854 8.43774696307873 0.5696390615560498 0.8488305923040863 1.1564936045095244 0.8989501164191955 8.564504378265191 2.871313133920301
1636.341708542767 -1.271287842826216 8.516668753514958 0.5836157667428123 0.89314909589377 1.0467665846524716 0.8821173792819063 8.654262392856841 2.6737621788301986
1656.9246231158695 -1.3121142207488325 8.563120638264111 0.569332924492572 0.9315686279233057 0.9961237963694086 0.8655424745362756 8.71103882216802 2.6100167719564102
1677.5075376885059 -1.3415206934464037 8.578275479667317 0.5452700036989877 0.9589665205015281 0.9815404874751201 0.8589223440044758 8.73544104114129 2.6215911232017928
1698.0904522616077 -1.367342397623056 8.578459269157362 0.5034220897685936 0.9729009668089447 0.9636281221021219 0.8434802066835598 8.743313600013028 2.587027630437106
1718.6733668342445 -1.3830409684692406 8.56796693835931 0.4472303728371116 0.968687124618924 0.952042745781015 0.8227451613355128 8.73523826396072 2.521850511355483
1739.2562814073465 -1.4078157759436214 8.561740572063137 0.39547777639692183 0.9641294279382658 0.9285162199360192 0.8036696290468499 8.732007350138419 2.4376767788483567
1759.8391959799835 -1.447146901117153 8.564934823617651 0.3477740212725445 0.9640929436694661 0.9023179526045852 0.7824642534874213 8.740907737470783 2.355974501520052
1780.4221105530853 -1.4889744802291578 8.570059837725251 0.30569122952054045 0.9683006424183501 0.8868800021313583 0.7596713119713775 8.752990049289872 2.3013493009058354
1801.0050251257223 -1.5166620449158361 8.566184106318982 0.2746145209954884 0.9576038256567261 0.8786552005439464 0.7451804896630726 8.752786546267618 2.244409794347681
1821.5879396988241 -1.5383163011957424 8.566266394685126 0.2682124543892309 0.9441974201018625 0.8643248880343551 0.7513451511825423 8.755038736335615 2.2031109660099264
1842.1708542714612 -1.5478222994754531 8.574556669672381 0.2832916678095888 0.9303800470493773 0.859427179697171 0.7656941140764157 8.763064510409611 2.190526762916398
1862.7537688445632 -1.5408903754500725 8.598499120748896 0.31077896536899885 0.9107297151102818 0.8709867490563317 0.775287634933776 8.782661868530123 2.189178296757555
1883.3366834171993 -1.5261635284623292 8.639094073769579 0.3334110539540346 0.8884535826797648 0.8976795091516996 0.7803215434581461 8.816764852534401 2.20417318830172
1903.919597990302 -1.5186812993665488 8.687976380241276 0.3404378100880132 0.8708152387471182 0.9151038154688393 0.7819337475693842 8.861021598136878 2.2072125014953077
1924.5025125629381 -1.5320555514381136 8.7470610166068 0.3258673978050226 0.8441812765136436 0.8814822163073328 0.7703398662415446 8.918835879007501 2.0835460756683872
1945.0854271360408 -1.566003446697911 8.815573752267444 0.28193327999514706 0.808939572533278 0.8236057750259325 0.7389505457504266 8.989322058593372 1.8800224738962314
1965.6683417086772 -1.610765771643479 8.882518492060512 0.215817332005872 0.7847969651474551 0.7777281361793863 0.6996051938845513 9.061368150068251 1.7114827005310822
1986.2512562817797 -1.6589985445480688 8.949815017878919 0.15195594110014624 0.7805755013374585 0.7544678724332354 0.6711228980526308 9.136154933049177 1.6296870109296269
2006.834170854416 -1.700036995761598 9.025511076273006 0.10320505006304848 0.7792118666299069 0.7515974961495983 0.6619993142898265 9.217867501606795 1.6106604822729804
2027.4170854275185 -1.7347806182427417 9.1089320306478 0.06728582273296912 0.7771083036770561 0.7649617889602618 0.6695323608156681 9.305415700145304 1.6375019398936246
2048.0000000001546 -1.7654607838462555 9.190801975084879 0.0387422941352275 0.778112783671232 0.7715906845506715 0.6804230086758398 9.390522823275347 1.6639131726188543
