# Y/D U V
-4.000000000000000000e+00 6.264999999999999680e+00 -2.079479789422019470e-03
-3.949999999999999734e+00 6.264999999999999680e+00 -2.123595226918851588e-03
-3.899999999999999467e+00 6.264999999999999680e+00 -2.169124981634154743e-03
-3.849999999999999645e+00 6.264999999999999680e+00 -2.216086730952029731e-03
-3.799999999999999378e+00 6.264999999999999680e+00 -2.264513819763163717e-03
-3.749999999999999112e+00 6.264999999999999680e+00 -2.314482217871362095e-03
-3.699999999999998845e+00 6.264999999999999680e+00 -2.366126009743294359e-03
-3.649999999999998579e+00 6.264999999999999680e+00 -2.419403022529468400e-03
-3.599999999999998757e+00 6.264999999999999680e+00 -2.474445913046182527e-03
-3.549999999999998490e+00 6.264999999999999680e+00 -2.531300616435607637e-03
-3.499999999999998224e+00 6.264999999999999680e+00 -2.590133677775257465e-03
-3.449999999999997957e+00 6.264999999999999680e+00 -2.650865136342002437e-03
-3.399999999999997691e+00 6.264999999999999680e+00 -2.713687487313333133e-03
-3.349999999999997868e+00 6.264999999999999680e+00 -2.778674976233854246e-03
-3.299999999999997602e+00 6.264999999999999680e+00 -2.845979480901981648e-03
-3.249999999999997335e+00 6.264999999999999680e+00 -2.915584674473463769e-03
-3.199999999999997069e+00 6.264999999999999680e+00 -2.987622605732649476e-03
-3.149999999999996803e+00 6.264999999999999680e+00 -3.062228776450772773e-03
-3.099999999999996980e+00 6.264999999999999680e+00 -3.139582776391347183e-03
-3.049999999999996714e+00 6.264999999999999680e+00 -3.219714632526955549e-03
-2.999999999999996447e+00 6.264999999999999680e+00 -3.302742367117868227e-03
-2.949999999999996181e+00 6.264999999999999680e+00 -3.388838370901256676e-03
-2.899999999999995914e+00 6.264999999999999680e+00 -3.478241907032184575e-03
-2.849999999999996092e+00 6.264999999999999680e+00 -3.570834541012640230e-03
-2.799999999999995826e+00 6.264999999999999680e+00 -3.667008932553861636e-03
-2.749999999999995559e+00 6.264999999999999680e+00 -3.766817533138818244e-03
-2.699999999999995293e+00 6.264999999999999680e+00 -3.870572955236998083e-03
-2.649999999999995026e+00 6.264999999999999680e+00 -3.978232481134238302e-03
-2.599999999999995204e+00 6.264999999999999680e+00 -4.090024309819072570e-03
-2.549999999999994937e+00 6.264999999999999680e+00 -4.206335340419579093e-03
-2.499999999999994671e+00 6.264999999999999680e+00 -4.327276294460186828e-03
-2.449999999999994404e+00 6.264999999999999680e+00 -4.452986934769321767e-03
-2.399999999999994138e+00 6.264999999999999680e+00 -4.583687167101613280e-03
-2.349999999999993872e+00 6.264999999999999680e+00 -4.719803406340148874e-03
-2.299999999999994049e+00 6.264999999999999680e+00 -4.861484646233983978e-03
-2.249999999999993783e+00 6.264999999999999680e+00 -5.008856989567950918e-03
-2.199999999999993516e+00 6.264999999999999680e+00 -5.162157340430363270e-03
-2.149999999999993250e+00 6.264999999999999680e+00 -5.321988694015813287e-03
-2.099999999999992983e+00 6.264999999999999680e+00 -5.488453798749289708e-03
-2.049999999999993161e+00 6.264999999999999680e+00 -5.661877957652314275e-03
-1.999999999999992895e+00 6.264999999999999680e+00 -5.842349053724210997e-03
-1.949999999999992628e+00 6.264999999999999680e+00 -6.030710839823198721e-03
-1.899999999999992584e+00 6.264999999999999680e+00 -6.226867064669816890e-03
-1.849999999999992317e+00 6.264999999999999680e+00 -6.431196896342587094e-03
-1.799999999999992051e+00 6.264999999999999680e+00 -6.644043301628099751e-03
-1.749999999999992006e+00 6.264999999999998792e+00 -6.866118017996096848e-03
-1.699999999999991740e+00 6.264999999999985469e+00 -7.097465594745897347e-03
-1.649999999999991696e+00 6.264999999999862901e+00 -7.338497740828425764e-03
-1.599999999999991429e+00 6.264999999998594582e+00 -7.589281073582152329e-03
-1.549999999999991163e+00 6.264999999985164436e+00 -7.850758574262747813e-03
-1.499999999999991118e+00 6.264999999880815906e+00 -8.122856842399354613e-03
-1.449999999999990852e+00 6.264999999216209758e+00 -8.405968783478521417e-03
-1.399999999999990585e+00 6.264999995189997506e+00 -8.700404527697554180e-03
-1.349999999999990541e+00 6.264999972080294910e+00 -9.006796006860079418e-03
-1.299999999999990274e+00 6.264999849239666574e+00 -9.324616264803466462e-03
-1.249999999999990230e+00 6.264999318607082479e+00 -9.654497055185637042e-03
-1.199999999999989964e+00 6.264997107212141536e+00 -9.996489439929968218e-03
-1.149999999999989697e+00 6.264988516355968429e+00 -1.035095638275360108e-02
-1.099999999999989653e+00 6.264959517054976779e+00 -1.071740652322543397e-02
-1.049999999999989386e+00 6.264870344322270412e+00 -1.109561425396517025e-02
-9.999999999999892308e-01 6.264609101451783957e+00 -1.148544364624647617e-02
-9.499999999999890754e-01 6.263908137225392636e+00 -1.188670368268960817e-02
-8.999999999999889200e-01 6.262260333226333131e+00 -1.229894772052786758e-02
-8.499999999999887645e-01 6.258564036247319606e+00 -1.272043194739208918e-02
-7.999999999999884981e-01 6.250807584558130792e+00 -1.315094465852720274e-02
-7.499999999999883427e-01 6.235816922885173419e+00 -1.358946417555021227e-02
-6.999999999999881872e-01 6.208975445853871733e+00 -1.403370012146053572e-02
-6.499999999999880318e-01 6.164325229532362727e+00 -1.448230991614658444e-02
-5.999999999999878764e-01 6.093641200294160676e+00 -1.493342920966712895e-02
-5.499999999999876099e-01 5.989414083174393610e+00 -1.538435032238138697e-02
-4.999999999999874545e-01 5.845814638938160002e+00 -1.583275466651771352e-02
-4.499999999999872990e-01 5.659224042117257270e+00 -1.627555736123547855e-02
-3.999999999999870881e-01 5.428557946249165767e+00 -1.670917408764241788e-02
-3.499999999999869327e-01 5.160465252429419003e+00 -1.713048044662646499e-02
-2.999999999999867772e-01 4.865889812271861459e+00 -1.753588368050267715e-02
-2.499999999999865663e-01 4.558879991177346547e+00 -1.792160809159400875e-02
-1.999999999999863831e-01 4.256510466754288124e+00 -1.828241753381968163e-02
-1.499999999999862277e-01 3.974456345112376887e+00 -1.861554830014397477e-02
-9.999999999998603062e-02 3.726723040620183447e+00 -1.891673532090977147e-02
-4.999999999998585437e-02 3.522076876638108978e+00 -1.918268056784758202e-02
1.432275120902249174e-14 3.367561258876862418e+00 -1.940793982182924260e-02
5.000000000001450506e-02 3.260334946278639734e+00 -1.959130387384224944e-02
1.000000000000146744e-01 3.195433931514854553e+00 -1.973037530699783479e-02
1.500000000000148714e-01 3.164636989185460436e+00 -1.982309255453191046e-02
2.000000000000150269e-01 3.157204173506966249e+00 -1.986615685209951535e-02
2.500000000000152101e-01 3.159016274019942117e+00 -1.986112333954407477e-02
3.000000000000154210e-01 3.172120359419612790e+00 -1.980801902949553758e-02
3.500000000000155764e-01 3.209938316491698806e+00 -1.970706758721240889e-02
4.000000000000157319e-01 3.284780430045639577e+00 -1.955807013416166473e-02
4.500000000000159428e-01 3.403198990178131655e+00 -1.936493993666711655e-02
5.000000000000160982e-01 3.569014233694403515e+00 -1.913028288453521089e-02
5.500000000000162537e-01 3.782214356606045769e+00 -1.885642186593001687e-02
6.000000000000165201e-01 4.037704662471174544e+00 -1.854620964642003655e-02
6.500000000000166755e-01 4.323678315390769633e+00 -1.820454102886412406e-02
7.000000000000168310e-01 4.625743647739229303e+00 -1.783562065429396964e-02
7.500000000000169864e-01 4.928269128854116055e+00 -1.744274781720854539e-02
8.000000000000171418e-01 5.214833769341361780e+00 -1.702986524174478905e-02
8.500000000000174083e-01 5.472562073554568585e+00 -1.660157251635647688e-02
9.000000000000175637e-01 5.692669333116448627e+00 -1.616136249936218558e-02
9.500000000000177192e-01 5.869729046899964331e+00 -1.571260601952775837e-02
1.000000000000017986e+00 6.004366441275911015e+00 -1.525858149953647318e-02
1.050000000000018030e+00 6.101787914356583187e+00 -1.480190361642473584e-02
1.100000000000018296e+00 6.168379562197694455e+00 -1.434619039652193159e-02
1.150000000000018341e+00 6.210663433313264647e+00 -1.389302565973886752e-02
1.200000000000018607e+00 6.236066406813326246e+00 -1.344474126907210104e-02
1.250000000000018874e+00 6.250497025551540631e+00 -1.300259335145143719e-02
1.300000000000018918e+00 6.258238885261042661e+00 -1.256864913664910814e-02
1.350000000000019185e+00 6.262008156218121790e+00 -1.214409480636714951e-02
1.400000000000019229e+00 6.263752047393264633e+00 -1.172964551409837360e-02
1.450000000000019496e+00 6.264519314600065947e+00 -1.132614644547077012e-02
1.500000000000019762e+00 6.264829509362575877e+00 -1.093399956966024759e-02
1.550000000000019806e+00 6.264942610916708787e+00 -1.055429295331328579e-02
1.600000000000020073e+00 6.264981674102735099e+00 -1.018652295772992829e-02
1.650000000000020339e+00 6.264994648939723909e+00 -9.831031745716397111e-03
1.700000000000020384e+00 6.264998642515115179e+00 -9.487999444933817653e-03
1.750000000000020650e+00 6.264999650786629459e+00 -9.157521974189083633e-03
1.800000000000020695e+00 6.264999922789859177e+00 -8.839427869874119312e-03
1.850000000000020961e+00 6.264999983741971867e+00 -8.532913232860062439e-03
1.900000000000021227e+00 6.264999996921175374e+00 -8.238045424435640543e-03
1.950000000000021272e+00 6.264999999405975295e+00 -7.955059758751808346e-03
2.000000000000021316e+00 6.264999999902186367e+00 -7.683270146630713504e-03
2.050000000000021583e+00 6.264999999986602397e+00 -7.422245655444683829e-03
2.100000000000021849e+00 6.264999999998217994e+00 -7.171501329291197005e-03
2.150000000000022116e+00 6.264999999999767866e+00 -6.931294243740671046e-03
2.200000000000022382e+00 6.264999999999973035e+00 -6.700734331121904058e-03
2.250000000000022204e+00 6.264999999999997016e+00 -6.479371248020344976e-03
2.300000000000022471e+00 6.264999999999999680e+00 -6.267183242704251617e-03
2.350000000000022737e+00 6.264999999999999680e+00 -6.063789815900414923e-03
2.400000000000023004e+00 6.264999999999999680e+00 -5.868739511014376201e-03
2.450000000000023270e+00 6.264999999999999680e+00 -5.681420906564413342e-03
2.500000000000023093e+00 6.264999999999999680e+00 -5.501798696457950791e-03
2.550000000000023359e+00 6.264999999999999680e+00 -5.329533032546974677e-03
2.600000000000023626e+00 6.264999999999999680e+00 -5.164273048805158306e-03
2.650000000000023892e+00 6.264999999999999680e+00 -5.005595944189752261e-03
2.700000000000024158e+00 6.264999999999999680e+00 -4.853349171042568855e-03
2.750000000000023981e+00 6.264999999999999680e+00 -4.707255007955438858e-03
2.800000000000024247e+00 6.264999999999999680e+00 -4.566882705554987237e-03
2.850000000000024514e+00 6.264999999999999680e+00 -4.432017023279258630e-03
2.900000000000024780e+00 6.264999999999999680e+00 -4.302528279469345143e-03
2.950000000000025047e+00 6.264999999999999680e+00 -4.178177422166715581e-03
3.000000000000024869e+00 6.264999999999999680e+00 -4.058547590843048988e-03
3.050000000000025135e+00 6.264999999999999680e+00 -3.943445401014448494e-03
3.100000000000025402e+00 6.264999999999999680e+00 -3.832905682136042262e-03
3.150000000000025668e+00 6.264999999999999680e+00 -3.726566048196738867e-03
3.200000000000025935e+00 6.264999999999999680e+00 -3.624156998956755762e-03
3.250000000000025757e+00 6.264999999999999680e+00 -3.525501800239012537e-03
3.300000000000026024e+00 6.264999999999999680e+00 -3.430658003475130398e-03
3.350000000000026290e+00 6.264999999999999680e+00 -3.339291636440391148e-03
3.400000000000026557e+00 6.264999999999999680e+00 -3.251197382344001886e-03
3.450000000000026823e+00 6.264999999999999680e+00 -3.166289061934586882e-03
3.500000000000026645e+00 6.264999999999999680e+00 -3.084521386342532409e-03
3.550000000000026912e+00 6.264999999999999680e+00 -3.005650077826642168e-03
3.600000000000027178e+00 6.264999999999999680e+00 -2.929556687847502741e-03
3.650000000000027445e+00 6.264999999999999680e+00 -2.856081358902337435e-03
3.700000000000027711e+00 6.264999999999999680e+00 -2.785249376549329102e-03
3.750000000000027534e+00 6.264999999999999680e+00 -2.716879544121751297e-03
3.800000000000027800e+00 6.264999999999999680e+00 -2.650771722855205931e-03
3.850000000000028066e+00 6.264999999999999680e+00 -2.586892327987479548e-03
3.900000000000028333e+00 6.264999999999999680e+00 -2.525250781449143826e-03
3.950000000000028599e+00 6.264999999999999680e+00 -2.465634830731957584e-03
4.000000000000028422e+00 6.264999999999999680e+00 -2.407960609454832743e-03
