# X VX VY VY VZ
-1.019999999996890892e+03 -2.861614824526927392e-01 9.778948561640991244e+00 -1.803586001270766903e-01
-1.009999999996921360e+03 -2.845032487253057463e-01 9.777792357332327100e+00 -1.810767235478805415e-01
-9.999999999969518285e+02 -2.828807130658773650e-01 9.777016058941690346e+00 -1.797911034163607313e-01
-9.899999999969822966e+02 -2.821296780567232321e-01 9.776331922024111165e+00 -1.770955540621988733e-01
-9.799999999970127647e+02 -2.821091871639810900e-01 9.775535302687874406e+00 -1.737956100876097143e-01
-9.699999999970433464e+02 -2.828089696136557030e-01 9.774604509833837440e+00 -1.695336458221971543e-01
-9.599999999970738145e+02 -2.844914613726702290e-01 9.773907272576321859e+00 -1.640825157638637899e-01
-9.499999999971042826e+02 -2.862049105115392900e-01 9.773456010838494024e+00 -1.582796883642732799e-01
-9.399999999971347506e+02 -2.865070814135670108e-01 9.772090660634866310e+00 -1.521511888885711261e-01
-9.299999999971652187e+02 -2.857518200254192675e-01 9.769469490637522568e+00 -1.460408651263044033e-01
-9.199999999971956868e+02 -2.854621585120236116e-01 9.766010686034569233e+00 -1.412274142422836054e-01
-9.099999999972261548e+02 -2.860344133729037508e-01 9.762621981545471783e+00 -1.381964193617424008e-01
-8.999999999972566229e+02 -2.873996049101799066e-01 9.760139224989497819e+00 -1.365440345379266285e-01
-8.899999999972872047e+02 -2.901226007873052848e-01 9.758440615854087952e+00 -1.361769991749318676e-01
-8.799999999973176728e+02 -2.930485326689029058e-01 9.756888959070529665e+00 -1.365971904611628651e-01
-8.699999999973481408e+02 -2.947392264529239414e-01 9.756148337381580049e+00 -1.381653388926402937e-01
-8.599999999973786089e+02 -2.951495783109666649e-01 9.756802095446845513e+00 -1.408429790151442818e-01
-8.499999999974090770e+02 -2.945315286583097270e-01 9.757285702339508759e+00 -1.428899630711565893e-01
-8.399999999974395450e+02 -2.943268334339598225e-01 9.757023647936021504e+00 -1.449624573186026888e-01
-8.299999999974700131e+02 -2.947670067509379765e-01 9.755740329241193720e+00 -1.476543505437879766e-01
-8.199999999975004812e+02 -2.952952393848927160e-01 9.753560035901674752e+00 -1.509708844963492946e-01
-8.099999999975309493e+02 -2.961971344210571622e-01 9.751340389314764323e+00 -1.542698868013886171e-01
-7.999999999975614173e+02 -2.972590212153667366e-01 9.750411947582758643e+00 -1.565765145063584274e-01
-7.899999999975918854e+02 -2.979321838661946331e-01 9.751282214729275921e+00 -1.577825087845722563e-01
-7.799999999976223535e+02 -2.989475555204731960e-01 9.753330309235279216e+00 -1.591012723832757325e-01
-7.699999999976529352e+02 -3.003961652360525592e-01 9.754135252073925955e+00 -1.600684821201628083e-01
-7.599999999976834033e+02 -3.013686053213919802e-01 9.752673796259090366e+00 -1.606904933999502016e-01
-7.499999999977138714e+02 -3.010751462641683696e-01 9.751325166486987328e+00 -1.615637623130962985e-01
-7.399999999977443395e+02 -3.002937474457677558e-01 9.751530948545665822e+00 -1.632662735025595946e-01
-7.299999999977748075e+02 -2.991589944506730103e-01 9.752574253409262539e+00 -1.659312941793606722e-01
-7.199999999978053893e+02 -2.975644167049336097e-01 9.753861164741772782e+00 -1.687488913669604185e-01
-7.099999999978358574e+02 -2.966080099047541663e-01 9.755294432513574421e+00 -1.707889344602777915e-01
-6.999999999978663254e+02 -2.974477508207545307e-01 9.756280000383965145e+00 -1.720507125042357865e-01
-6.899999999978967935e+02 -2.989935861722385901e-01 9.756898737210111250e+00 -1.728086363956716498e-01
-6.799999999979272616e+02 -2.994807187053751263e-01 9.757830235541065989e+00 -1.730410903919062104e-01
-6.699999999979577296e+02 -3.003709869661065901e-01 9.760911047495120840e+00 -1.739019057312621852e-01
-6.599999999979881977e+02 -3.014020933480359710e-01 9.765519290625434223e+00 -1.763922069400689074e-01
-6.499999999980186658e+02 -3.023293917563699695e-01 9.770774252839155238e+00 -1.799322228190171069e-01
-6.399999999980491339e+02 -3.036904036604592405e-01 9.776627076173348030e+00 -1.843267559711759540e-01
-6.299999999980796019e+02 -3.044145451390758428e-01 9.782457361532117091e+00 -1.890559874359197812e-01
-6.199999999981100700e+02 -3.041802811029887810e-01 9.787334158834797293e+00 -1.927477431282418330e-01
-6.099999999981405381e+02 -3.029724364791707703e-01 9.791094414221173992e+00 -1.944706811910849875e-01
-5.999999999981710062e+02 -3.000824400891635713e-01 9.793302137511339822e+00 -1.932944195187910053e-01
-5.899999999982014742e+02 -2.965146829580525556e-01 9.793826472262132654e+00 -1.907758361996186869e-01
-5.799999999982320560e+02 -2.932109470891266501e-01 9.794283921455651409e+00 -1.881019588589122604e-01
-5.699999999982625241e+02 -2.909350378997448971e-01 9.795775340061345204e+00 -1.864782880849054358e-01
-5.599999999982929921e+02 -2.903041839406261815e-01 9.797435265640460855e+00 -1.868629998567367945e-01
-5.499999999983234602e+02 -2.902790956924684029e-01 9.798998409336372006e+00 -1.878945924075336726e-01
-5.399999999983539283e+02 -2.901291774045263172e-01 9.800787546187757826e+00 -1.888741018701563523e-01
-5.299999999983845100e+02 -2.898826950772084299e-01 9.802528360428764742e+00 -1.894590133770761853e-01
-5.199999999984149781e+02 -2.897348223779356857e-01 9.804235280530400942e+00 -1.897040940004990073e-01
-5.099999999984453893e+02 -2.906607246396346600e-01 9.805115830534388621e+00 -1.892026424381337002e-01
-4.999999999984759143e+02 -2.921769275663603782e-01 9.805336003839080661e+00 -1.883912981197392866e-01
-4.899999999985063823e+02 -2.936657721167543755e-01 9.805074346415004527e+00 -1.878300873236742052e-01
-4.799999999985368504e+02 -2.948974540162678792e-01 9.804246668375208529e+00 -1.876090020202400843e-01
-4.699999999985673185e+02 -2.952113249708246401e-01 9.802789118472972518e+00 -1.876355414186071380e-01
-4.599999999985977865e+02 -2.945725850515443778e-01 9.801378599779294376e+00 -1.879137311420426559e-01
-4.499999999986282546e+02 -2.941244324604685989e-01 9.800644818633578836e+00 -1.885781905704574379e-01
-4.399999999986587227e+02 -2.947142825972837721e-01 9.800384977384835494e+00 -1.890268576756809482e-01
-4.299999999986891908e+02 -2.957986258663486412e-01 9.800209156457341919e+00 -1.884393648480726102e-01
-4.199999999987197725e+02 -2.977615104735296114e-01 9.799335715826344995e+00 -1.887244322326201429e-01
-4.099999999987502406e+02 -3.006413140848681054e-01 9.797434252567928326e+00 -1.910492783501436809e-01
-3.999999999987807087e+02 -3.037649274702320379e-01 9.794545969899171922e+00 -1.940595571550104981e-01
-3.899999999988111767e+02 -3.065589496609902875e-01 9.791336602314741455e+00 -1.950881649331756007e-01
-3.799999999988416448e+02 -3.086657594299240803e-01 9.788243091556347864e+00 -1.931383375493746779e-01
-3.699999999988721129e+02 -3.094997396880649343e-01 9.784963657007146764e+00 -1.896828426640652099e-01
-3.599999999989025810e+02 -3.096215625662128712e-01 9.781330300601361216e+00 -1.860538806666191536e-01
-3.499999999989330490e+02 -3.095191328786883189e-01 9.777508016763061249e+00 -1.819284600935533180e-01
-3.399999999989635171e+02 -3.092845661279273184e-01 9.774571501917646899e+00 -1.777883710462664080e-01
-3.299999999989940989e+02 -3.092614552071059619e-01 9.771605716874832481e+00 -1.741897742547138528e-01
-3.199999999990245669e+02 -3.102667906886372728e-01 9.768522014993664015e+00 -1.715094471887833594e-01
-3.099999999990550350e+02 -3.126808674036067881e-01 9.766110766146077538e+00 -1.705284915282268277e-01
-2.999999999990855031e+02 -3.154771887016104004e-01 9.764075053898583434e+00 -1.714786270683816560e-01
-2.899999999991159711e+02 -3.185305420275966193e-01 9.761607649334463233e+00 -1.748117302297002018e-01
-2.799999999991464392e+02 -3.213313494254623759e-01 9.758695787976973790e+00 -1.807090401155495574e-01
-2.699999999991769073e+02 -3.219096192327022821e-01 9.755579036764224554e+00 -1.868587809763501140e-01
-2.599999999992073754e+02 -3.211262958124010414e-01 9.752751574396947731e+00 -1.892606206709836758e-01
-2.499999999992378434e+02 -3.210315452710563733e-01 9.750100724127007012e+00 -1.879931245136594320e-01
-2.399999999992684252e+02 -3.212726229282698021e-01 9.746591858572744016e+00 -1.854448410361397015e-01
-2.299999999992988933e+02 -3.204835731274660038e-01 9.742349873769672541e+00 -1.828683268611945578e-01
-2.199999999993293613e+02 -3.184723570287752437e-01 9.737956801399338502e+00 -1.812117922070930753e-01
-2.099999999993598294e+02 -3.163313933495019437e-01 9.734075352436565964e+00 -1.802779030464901067e-01
-1.999999999993902975e+02 -3.148476194619900803e-01 9.731389391263384425e+00 -1.792810127839058743e-01
-1.899999999994207656e+02 -3.132316510632964790e-01 9.729657560385090775e+00 -1.784383361770464083e-01
-1.799999999994512336e+02 -3.110126290495705548e-01 9.727364319205669574e+00 -1.778969079389316477e-01
-1.699999999994817017e+02 -3.091295155375981540e-01 9.724036837296981872e+00 -1.772605818079457662e-01
-1.599999999995121698e+02 -3.079159782351632013e-01 9.721534646941863755e+00 -1.767826661936344468e-01
-1.499999999995427515e+02 -3.073736083887354531e-01 9.720457275594402091e+00 -1.747991622209955631e-01
-1.399999999995732196e+02 -3.077310928141547830e-01 9.719299407650099809e+00 -1.717437860111114267e-01
-1.299999999996036877e+02 -3.078489293894779433e-01 9.717800502137011520e+00 -1.695229121708304310e-01
-1.199999999996341558e+02 -3.070136206672629542e-01 9.716325748057583311e+00 -1.678799148636357375e-01
-1.099999999996646238e+02 -3.064265759592981198e-01 9.715331191107678066e+00 -1.659568563128342167e-01
-9.999999999969509190e+01 -3.077504959483254865e-01 9.714163394562762122e+00 -1.639889885413691184e-01
-8.999999999972555997e+01 -3.110292543088638006e-01 9.712522657407582471e+00 -1.618270467255255030e-01
-7.999999999975602805e+01 -3.151756100013980988e-01 9.710040101200535290e+00 -1.594934715259148927e-01
-6.999999999978649612e+01 -3.210192450157841604e-01 9.708795346749349520e+00 -1.566790209316954730e-01
-5.999999999981696419e+01 -3.269950980627376880e-01 9.708399249819619214e+00 -1.537407411333313878e-01
-4.999999999984754595e+01 -3.318127602756121841e-01 9.708830623555455119e+00 -1.513521992111323544e-01
-3.999999999987801402e+01 -3.358901748809542398e-01 9.709883765242354414e+00 -1.494842892593893913e-01
-2.999999999990848210e+01 -3.382859229076666252e-01 9.710476853460889402e+00 -1.494568665698891297e-01
-1.999999999993895017e+01 -3.388458757905533081e-01 9.710458276062878369e+00 -1.493589156664405782e-01
-9.999999999969418241e+00 -3.401733324786788137e-01 9.710154148769122529e+00 -1.502998610579816541e-01
1.136868377216160297e-13 -3.423383578025817053e-01 9.706720600794612963e+00 -1.527665491867548908e-01
9.999999999969531927e+00 -3.447527191103111344e-01 9.700235112340704902e+00 -1.552724854984323943e-01
1.999999999993906385e+01 -3.463461775095205142e-01 9.692698524914362679e+00 -1.559890998588252253e-01
2.999999999990859578e+01 -3.476870766930029166e-01 9.685258008703032218e+00 -1.551784902074619110e-01
3.999999999987812771e+01 -3.520522928597138446e-01 9.679143597543921729e+00 -1.542539817566954963e-01
4.999999999984765964e+01 -3.548362419063593176e-01 9.675024088466321004e+00 -1.541694964453792227e-01
5.999999999981719156e+01 -3.564856395295750158e-01 9.673666814159084026e+00 -1.530844975994670731e-01
6.999999999978672349e+01 -3.575655762430805518e-01 9.673860298557571014e+00 -1.526859937147965474e-01
7.999999999975625542e+01 -3.595304404824451461e-01 9.674144923740648494e+00 -1.526823611285399451e-01
8.999999999972578735e+01 -3.614329966368983182e-01 9.677251907500311390e+00 -1.534908168189033917e-01
9.999999999969531927e+01 -3.611098799945475224e-01 9.681214578240128432e+00 -1.557101236829683821e-01
1.099999999996648512e+02 -3.580299681657374000e-01 9.683478430315037855e+00 -1.596600251871592435e-01
1.199999999996343831e+02 -3.559561948400266629e-01 9.683871045009350809e+00 -1.633410019854069084e-01
1.299999999996039151e+02 -3.547450064691830551e-01 9.681421847131280956e+00 -1.676780479534807911e-01
1.399999999995734470e+02 -3.512892179491266531e-01 9.677184467719696315e+00 -1.713394015853548502e-01
1.499999999995429789e+02 -3.476378353058767190e-01 9.670589357943262243e+00 -1.749391187880162402e-01
1.599999999995125108e+02 -3.432158295830158856e-01 9.661762624531892385e+00 -1.779465880562850211e-01
1.699999999994818154e+02 -3.393475670863483895e-01 9.656925815666514978e+00 -1.804789666599993514e-01
1.799999999994513473e+02 -3.391313227739478076e-01 9.654840787210236641e+00 -1.843056936779920996e-01
1.899999999994208792e+02 -3.414627498241963321e-01 9.653928350277551473e+00 -1.878107122726509759e-01
1.999999999993904112e+02 -3.455033047384595268e-01 9.653108749094934993e+00 -1.908758955653427902e-01
2.099999999993599431e+02 -3.499436260275658461e-01 9.652144482602940556e+00 -1.925050408110142719e-01
2.199999999993294750e+02 -3.540701172210359293e-01 9.650553587558663438e+00 -1.905086045770376380e-01
2.299999999992990070e+02 -3.576357479017732155e-01 9.647418905714387094e+00 -1.852931902549420085e-01
2.399999999992685389e+02 -3.606688033933535542e-01 9.643925907814374199e+00 -1.799714917724866414e-01
2.499999999992380708e+02 -3.630389810714902965e-01 9.640875696060081879e+00 -1.745655383094472934e-01
2.599999999992076027e+02 -3.651181876410853899e-01 9.638135120720447091e+00 -1.694274806599487815e-01
2.699999999991771347e+02 -3.661408817204726551e-01 9.635746128840393609e+00 -1.664889319523023270e-01
2.799999999991466666e+02 -3.660208479769103129e-01 9.632446102607316263e+00 -1.660915379434521333e-01
2.899999999991161985e+02 -3.657887612425083090e-01 9.626448094673135003e+00 -1.674212237427984695e-01
2.999999999990857305e+02 -3.663990339401814733e-01 9.618000104853642540e+00 -1.683431579738531580e-01
3.099999999990552624e+02 -3.671236047600822672e-01 9.609810800501721317e+00 -1.696151410378093083e-01
3.199999999990247943e+02 -3.672272752580033606e-01 9.603514280730296448e+00 -1.703962179673456367e-01
3.299999999989943262e+02 -3.675923797374446855e-01 9.598886145354210697e+00 -1.676603086418920752e-01
3.399999999989638582e+02 -3.684958530533339327e-01 9.595608328081590699e+00 -1.634016203300512060e-01
3.499999999989333901e+02 -3.691697634507178361e-01 9.591869032202323453e+00 -1.599086137890455561e-01
3.599999999989026946e+02 -3.691677450302654484e-01 9.589182959523526506e+00 -1.567110006144371293e-01
3.699999999988722266e+02 -3.690515324951221254e-01 9.589256716196125296e+00 -1.538565544133501384e-01
3.799999999988417585e+02 -3.699880567522663699e-01 9.590292489264342635e+00 -1.522601085013226829e-01
3.899999999988112904e+02 -3.714643974053615239e-01 9.589990202060139524e+00 -1.502904863672754054e-01
3.999999999987808224e+02 -3.726982952070366784e-01 9.588300428708121714e+00 -1.466534068501716415e-01
4.099999999987503543e+02 -3.734931723172547069e-01 9.586268839219071580e+00 -1.416880614507386726e-01
4.199999999987198862e+02 -3.747561569709686458e-01 9.583969295402233968e+00 -1.356108068135551126e-01
4.299999999986894181e+02 -3.773999704757113327e-01 9.580745005393822566e+00 -1.293903050328397142e-01
4.399999999986589501e+02 -3.813042846224671822e-01 9.576125963250300188e+00 -1.246080988048328259e-01
4.499999999986284820e+02 -3.845660156733395341e-01 9.571443559607986984e+00 -1.216773629308669363e-01
4.599999999985980139e+02 -3.870518713658828158e-01 9.567649077337279095e+00 -1.201470555652380673e-01
4.699999999985675458e+02 -3.904701434223904477e-01 9.564532968256028056e+00 -1.185868535782557132e-01
4.799999999985370778e+02 -3.944694902808670856e-01 9.561317275887320832e+00 -1.158977100646064601e-01
4.899999999985066097e+02 -3.974430792965069625e-01 9.557559037281091463e+00 -1.121284285855978224e-01
4.999999999984761416e+02 -4.001596830291806461e-01 9.552690750170061307e+00 -1.079097304323674150e-01
5.099999999984456736e+02 -4.047504982537816764e-01 9.546836794948132976e+00 -1.043833200069964329e-01
5.199999999984152055e+02 -4.109655958640509588e-01 9.540842833921628241e+00 -1.029549246726325501e-01
5.299999999983847374e+02 -4.165309626420519717e-01 9.535791024735276622e+00 -1.026050366511009199e-01
5.399999999983540420e+02 -4.208372000160192083e-01 9.531409057189783596e+00 -1.024875980146654209e-01
5.499999999983235739e+02 -4.249754358414956079e-01 9.526640292431014956e+00 -1.028846430462827255e-01
5.599999999982931058e+02 -4.298747624651506061e-01 9.521536616473424530e+00 -1.040421872532612119e-01
5.699999999982626377e+02 -4.356703318216793019e-01 9.516203284577123611e+00 -1.043752549806400837e-01
5.799999999982321697e+02 -4.415843233642991472e-01 9.510051202202516762e+00 -1.041994158323240743e-01
5.899999999982017016e+02 -4.478608099004315335e-01 9.502988360947217217e+00 -1.045437261530458711e-01
5.999999999981712335e+02 -4.542320227317835912e-01 9.497144345516128183e+00 -1.046744543501042790e-01
6.099999999981407655e+02 -4.579650976252466754e-01 9.492972945600808288e+00 -1.058815169638299136e-01
6.199999999981102974e+02 -4.600779617641988506e-01 9.489839333624361828e+00 -1.082871964664877673e-01
6.299999999980798293e+02 -4.624853538738499248e-01 9.486313176467865205e+00 -1.104590961481762140e-01
6.399999999980493612e+02 -4.650466955767986743e-01 9.482066700319565555e+00 -1.113755708599248051e-01
6.499999999980188932e+02 -4.677523991081112831e-01 9.477352578141754691e+00 -1.115688265830560993e-01
6.599999999979884251e+02 -4.712092186474031164e-01 9.472127946947823673e+00 -1.121576947809293789e-01
6.699999999979579570e+02 -4.747553627894785522e-01 9.467426837418683405e+00 -1.124285310702839435e-01
6.799999999979274889e+02 -4.791139167854190362e-01 9.464358000536217119e+00 -1.113106614810533412e-01
6.899999999978970209e+02 -4.844907666664478030e-01 9.461717652396222533e+00 -1.104328988394902705e-01
6.999999999978665528e+02 -4.890998003155528906e-01 9.459240937591149034e+00 -1.101250180000055701e-01
7.099999999978360847e+02 -4.923175756716688389e-01 9.458230541993469132e+00 -1.100585505164179551e-01
7.199999999978053893e+02 -4.962595829407718262e-01 9.458344634961143527e+00 -1.113229695747499221e-01
7.299999999977749212e+02 -5.021360167141120101e-01 9.459407643189045700e+00 -1.138996363868053224e-01
7.399999999977444531e+02 -5.099582600722726289e-01 9.461076199151136734e+00 -1.167318608338667185e-01
7.499999999977139851e+02 -5.180434064675295547e-01 9.463836452982979708e+00 -1.205009716055392421e-01
7.599999999976835170e+02 -5.250127676782384567e-01 9.468810612643450142e+00 -1.243533329510928542e-01
7.699999999976530489e+02 -5.294603648877540536e-01 9.475199260437422666e+00 -1.265455335619668498e-01
7.799999999976225808e+02 -5.322922488818382369e-01 9.481745949079344982e+00 -1.274321230885422651e-01
7.899999999975921128e+02 -5.353123848404913732e-01 9.486611060016549857e+00 -1.287669558278580206e-01
7.999999999975616447e+02 -5.370842408150499070e-01 9.488950110505312452e+00 -1.318922769847659382e-01
8.099999999975311766e+02 -5.369211504648838673e-01 9.488897331881567254e+00 -1.345589799361462946e-01
8.199999999975007086e+02 -5.355344921112593637e-01 9.487383368736347578e+00 -1.343011739201759314e-01
8.299999999974702405e+02 -5.340087394024043421e-01 9.484579650952268182e+00 -1.324986132543774786e-01
8.399999999974397724e+02 -5.333361652958995558e-01 9.480055320848936873e+00 -1.321081854941595912e-01
8.499999999974093043e+02 -5.323704534658501020e-01 9.473629042888001450e+00 -1.340231689317916974e-01
8.599999999973788363e+02 -5.316375631805118074e-01 9.466393607106503794e+00 -1.356011155497139076e-01
8.699999999973483682e+02 -5.322313304779610066e-01 9.461293898695473104e+00 -1.333988345733552183e-01
8.799999999973179001e+02 -5.336057291518057077e-01 9.459052046088187282e+00 -1.281681163525118516e-01
8.899999999972874321e+02 -5.354328275451782915e-01 9.457720088600343189e+00 -1.246599125383087286e-01
8.999999999972569640e+02 -5.363892037481311492e-01 9.456168501929692383e+00 -1.216317494448379277e-01
9.099999999972262685e+02 -5.359965731749861684e-01 9.453982316431440935e+00 -1.165524111619694464e-01
9.199999999971958005e+02 -5.342073067587560509e-01 9.451964333197098611e+00 -1.106012734321546037e-01
9.299999999971653324e+02 -5.320250693263338659e-01 9.450314337039676715e+00 -1.052753834999840959e-01
9.399999999971348643e+02 -5.297576727044774891e-01 9.448543249091102325e+00 -1.020841781344926924e-01
9.499999999971043962e+02 -5.284557369900374502e-01 9.445836799817431739e+00 -9.883263958791693726e-02
9.599999999970739282e+02 -5.279658820843167177e-01 9.442631453194852753e+00 -9.583213468342978436e-02
9.699999999970434601e+02 -5.280982795995897705e-01 9.439330323571940795e+00 -9.339713479093614268e-02
9.799999999970129920e+02 -5.305367921508085116e-01 9.435469420907354632e+00 -9.120217958294198068e-02
9.899999999969825240e+02 -5.353452036092474220e-01 9.432116874310592536e+00 -9.096761546311521451e-02
9.999999999969520559e+02 -5.403970735406997683e-01 9.430173333583882211e+00 -9.176449320443101632e-02
1.009999999996921588e+03 -5.447057453244629199e-01 9.427488554154596301e+00 -9.140949392333709567e-02
1.019999999996891120e+03 -5.469985078735066786e-01 9.422347351668944881e+00 -8.989494382466872713e-02
