#height[m] U[m/s] V[m/s] W[m/s]
 0.0  -0.395372466643483  3.276994686136193  -0.0400358876587843
10.0  -0.7568545237311994  6.3327067752375  0.034365676267118
20.0  -0.8876792125498095  7.632446141197727  -0.042481170845144994
30.0  -0.9360550501628195  8.10153254695341  0.028645581862292158
40.0  -0.9678439408328078  8.415093243440909  -0.03394590518597736
50.0  -0.986618279175024  8.60282183581591  0.02677853878827381
60.0  -1.0006815702343297  8.738132614492045  -0.025353218183025845
70.0  -1.0089501636166718  8.854262419581818  0.026126676705955823
80.0  -1.0157419254554898  8.942718813482955  -0.017991484717809245
90.0  -1.0147842509689642  9.028510927180683  0.026336198570748825
100.0  -1.013008132956608  9.087605676228408  -0.010934167314013407
110.0  -1.0079500644655424  9.148995369560227  0.027523427682848264
120.0  -1.004959885112488  9.194674185638638  -0.00433072826033856
130.0  -1.0004135675479642  9.242534942580683  0.028548013466452814
140.0  -0.9936123154097019  9.2739001539375  0.0011775756910279316
150.0  -0.9858030490106696  9.311378209148863  0.02973234692407887
160.0  -0.9781778424159399  9.336944539314773  0.006890963763366964
170.0  -0.9742186759845091  9.370072283425  0.031446588252747806
180.0  -0.9745104114538329  9.392661820618182  0.011793943589242966
190.0  -0.9748716315484688  9.422181149857954  0.033828479659014324
200.0  -0.9737274268499349  9.439163172599999  0.016910725079905115
210.0  -0.9732850763796531  9.46023470317159  0.0355675514727009
220.0  -0.974100534432369  9.473796816536364  0.02109963975473379
230.0  -0.9743974353830268  9.494774381760227  0.037365712274607984
240.0  -0.973214193843703  9.509594371971591  0.024974556526850992
250.0  -0.971284961096744  9.528282725602274  0.039302730153377374
260.0  -0.9700500912526324  9.539478494952272  0.02835166336048368
270.0  -0.9687909564224555  9.556300202604545  0.04107854280757746
280.0  -0.9667691141702133  9.567783402557955  0.03175630196786351
290.0  -0.9643396512901616  9.58023793635341  0.04287052856805517
300.0  -0.9627525317560189  9.58729607994659  0.03476529384698326
310.0  -0.9616771240461058  9.598714514107954  0.04499612760052381
320.0  -0.9599406817465576  9.606326206381818  0.03774054433073456
330.0  -0.9587751528049185  9.618347459802273  0.046906623422027546
340.0  -0.9561712111498278  9.62618916347159  0.0404144926543791
350.0  -0.9516142142132987  9.6359063422875  0.04872759591836017
360.0  -0.94814770917011  9.643066699209092  0.042853459850839055
370.0  -0.9445685073628454  9.654030115159092  0.05061930145315726
380.0  -0.9409174205820386  9.661436091463637  0.044581301132917334
390.0  -0.9381897838541227  9.668551630422726  0.051341708155884326
400.0  -0.936069765888777  9.67220366746591  0.045001765785648136
410.0  -0.931740967337443  9.67915431527159  0.051779539836084736
420.0  -0.9269474005597853  9.682836042097726  0.045582140463101474
430.0  -0.9234887274661624  9.690644128377274  0.052106129726389144
440.0  -0.9200684047893009  9.69423950192841  0.046074110462042475
450.0  -0.9168630000170507  9.700655817778408  0.05275700479243042
460.0  -0.9126931916878124  9.706657776076135  0.04703287159247964
470.0  -0.9094532958970118  9.713146019262501  0.053835110222560496
480.0  -0.9029961145236394  9.71456373732159  0.04764917058655851
490.0  -0.8927829712640242  9.719407201439772  0.0553774012751992
500.0  -0.8829781110322079  9.722198338663636  0.04799264850414344
