#height[m], Uprec[m/s], Uturb[m/s], diff[m/s], plane_dist[D]
 0.0 4.86252446438476 4.82332165867615 0.03920280570860957 -50
10.0 6.151602073683982 6.126430488834594 0.025171584849387862 -50
20.0 7.441396884632952 7.430275878639884 0.011121005993067534 -50
30.0 7.913048695984555 7.909805898779809 0.003242797204745962 -50
40.0 8.385071198483828 8.389662195833663 -0.004590997349835035 -50
50.0 8.543014081841239 8.546735590394343 -0.003721508553104158 -50
60.0 8.701109478475844 8.703969368398838 -0.0028598899229930197 -50
70.0 8.82159118248159 8.825704164929318 -0.004112982447727731 -50
80.0 8.942180026527407 8.947577570320487 -0.005397543793080217 -50
90.0 9.020505498662773 9.01973789510699 0.0007676035557828698 -50
100.0 9.09893868187075 9.092014814993991 0.006923866876759277 -50
110.0 9.161959994224375 9.152653126860976 0.009306867363399363 -50
120.0 9.225074314227967 9.2134032188545 0.01167109537346711 -50
130.0 9.273244566443514 9.262003331391353 0.011241235052160903 -50
140.0 9.321513794772711 9.310692205504651 0.010821589268060094 -50
150.0 9.36083181196302 9.350785978174262 0.010045833788758785 -50
160.0 9.400215355602299 9.390933407877307 0.009281947724991468 -50
170.0 9.434516708345495 9.422812319412744 0.011704388932750831 -50
180.0 9.46887737907604 9.45475146872506 0.01412591035098032 -50
190.0 9.494573999779128 9.48222347042155 0.012350529357577855 -50
200.0 9.520332513683117 9.509744212453933 0.010588301229184083 -50
210.0 9.544931983322048 9.53842273193489 0.006509251387157633 -50
220.0 9.569583440744074 9.567150527051894 0.0024329136921803496 -50
230.0 9.58827854233773 9.58925869380232 -0.0009801514645904064 -50
240.0 9.607020634222067 9.611420053868239 -0.00439941964617141 -50
250.0 9.622841992691942 9.627036002907392 -0.00419401021544985 -50
260.0 9.638708708318658 9.642715251766646 -0.004006543447987454 -50
270.0 9.654020593149067 9.656834241272938 -0.002813648123870749 -50
280.0 9.669382569097133 9.671002274578491 -0.00161970548135848 -50
290.0 9.679837501438858 9.68250981969197 -0.002672318253113204 -50
300.0 9.690336757546973 9.69406138089618 -0.003724623349206979 -50
310.0 9.700612409838868 9.702767491840582 -0.0021550820017139927 -50
320.0 9.710919496338244 9.71151194491881 -0.0005924485805657298 -50
330.0 9.722105106400134 9.71978615353277 0.0023189528673643878 -50
340.0 9.733324757892957 9.728095551612965 0.005229206279992127 -50
350.0 9.742763750325775 9.738815391487199 0.003948358838576027 -50
360.0 9.752236480487896 9.749572137097214 0.0026643433906823333 -50
370.0 9.757798925179763 9.754825797604191 0.002973127575572221 -50
380.0 9.76340367548211 9.760118482226204 0.003285193255905483 -50
390.0 9.76877697169403 9.765397529760527 0.0033794419335020365 -50
400.0 9.774189854126792 9.770709945632731 0.0034799084940608793 -50
410.0 9.780707265126358 9.77730745269185 0.0033998124345071545 -50
420.0 9.787266280620663 9.783941746118433 0.0033245345022301365 -50
430.0 9.792013578458972 9.78857859238736 0.0034349860716123004 -50
440.0 9.796801284137432 9.793255200839502 0.0035460832979303802 -50
450.0 9.798969865754675 9.796013628012261 0.0029562377424134922 -50
460.0 9.801179724792881 9.798810600185824 0.0023691246070569605 -50
470.0 9.799493382868697 9.797998007137373 0.0014953757313236338 -50
480.0 9.797844776327496 9.79722288213827 0.000621894189226424 -50
490.0 9.796791279748607 9.796719104552846 7.217519576130371e-05 -50
500.0 9.79578023004382 9.796257425060777 -0.00047719501695731026 -50
0.0 3.3142560592141046 3.315079259665097 -0.0008232004509922675 -32
10.0 6.394984247864074 6.393828884598982 0.0011553632650924683 -32
20.0 7.695890545689747 7.700324966715762 -0.004434421026014768 -32
30.0 8.176667948197586 8.171904915661504 0.00476303253608279 -32
40.0 8.49113440525154 8.486755409307106 0.0043789959444335835 -32
50.0 8.685459853498825 8.67484478413757 0.010615069361255891 -32
60.0 8.83184372481872 8.810251008125869 0.0215927166928509 -32
70.0 8.947535804105861 8.926243899815477 0.021291904290384522 -32
80.0 9.029112385582456 9.015054416879833 0.014057968702623214 -32
90.0 9.110269594907283 9.100127910310242 0.010141684597041234 -32
100.0 9.16771169613997 9.158562735516703 0.009148960623265978 -32
110.0 9.226412792957882 9.218696094973716 0.007716697984166743 -32
120.0 9.26993172010166 9.26328997047456 0.006641749627100069 -32
130.0 9.321069058961879 9.31001666314397 0.0110523958179094 -32
140.0 9.355764964438857 9.340495424726885 0.015269539711971092 -32
150.0 9.395058197335704 9.376774078753078 0.018284118582625908 -32
160.0 9.42283489460005 9.40102773419748 0.021807160402570247 -32
170.0 9.456710147991023 9.433212686628547 0.023497461362476102 -32
180.0 9.476854991147608 9.45533452895799 0.021520462189617007 -32
190.0 9.502632464608798 9.48425976454753 0.01837270006126701 -32
200.0 9.519806436261087 9.500653380485844 0.01915305577524329 -32
210.0 9.544017427557998 9.521169256393339 0.022848171164659092 -32
220.0 9.558396137623014 9.534420379763842 0.023975757859171054 -32
230.0 9.574598273846247 9.554975698579005 0.01962257526724187 -32
240.0 9.583647080995448 9.569229575952937 0.014417505042510825 -32
250.0 9.60209601211312 9.587311077769403 0.014784934343717637 -32
260.0 9.614991796146265 9.598001328636576 0.016990467509689466 -32
270.0 9.633008768692799 9.614201454971761 0.01880731372103739 -32
280.0 9.645096485584821 9.624956170540882 0.020140315043938983 -32
290.0 9.657501370802722 9.636720533796906 0.02078083700581601 -32
300.0 9.664854131589793 9.643301490569334 0.021552641020459617 -32
310.0 9.674971380970726 9.654323106203194 0.020648274767532726 -32
320.0 9.67999790536389 9.661402430195128 0.018595475168762476 -32
330.0 9.687199234561804 9.672916802402263 0.014282432159541614 -32
340.0 9.689934849454387 9.680194446157461 0.009740403296925493 -32
350.0 9.697725062199051 9.689104339787443 0.008620722411608384 -32
360.0 9.703518292877105 9.69545995032336 0.00805834255374549 -32
370.0 9.710698985503168 9.70565581328818 0.0050431722149877345 -32
380.0 9.715153762357234 9.71239333431044 0.0027604280467947717 -32
390.0 9.722988652832719 9.718916002792906 0.004072650039812942 -32
400.0 9.728181086212965 9.721989302094801 0.006191784118163568 -32
410.0 9.734761503631548 9.728126001208695 0.006635502422852824 -32
420.0 9.736496965335768 9.731070049983543 0.005426915352224171 -32
430.0 9.743238699419548 9.738273916241425 0.004964783178122545 -32
440.0 9.745425405947445 9.741360914051034 0.0040644918964112264 -32
450.0 9.75075107296011 9.747162942124682 0.003588130835428416 -32
460.0 9.755930675581453 9.752558839976459 0.003371835604994544 -32
470.0 9.760506329413003 9.758426475898647 0.0020798535143562447 -32
480.0 9.761712153565732 9.758996241825262 0.002715911740470034 -32
490.0 9.766962934639723 9.76266787053293 0.004295064106793589 -32
500.0 9.767320808495183 9.764387534840607 0.002933273654576851 -32
0.0 3.353124302322933 3.3069802158641632 0.046144086458769884 -20
10.0 6.41138446181796 6.367218324387522 0.0441661374304374 -20
20.0 7.70297811866152 7.654090158556082 0.0488879601054375 -20
30.0 8.17961026416391 8.118096270606198 0.061513993557712254 -20
40.0 8.509350154833527 8.444869220496791 0.06448093433673563 -20
50.0 8.706210058201645 8.65279758174861 0.05341247645303504 -20
60.0 8.858799870338185 8.808406686645371 0.05039318369281354 -20
70.0 8.975076579212917 8.93071037294075 0.044366206272167474 -20
80.0 9.066598956828036 9.025965620106886 0.040633336721150215 -20
90.0 9.138188612419142 9.099125840856052 0.03906277156309024 -20
100.0 9.194497541118164 9.168363684670073 0.026133856448090853 -20
110.0 9.242791073736447 9.224032509418576 0.018758564317870707 -20
120.0 9.283049169752285 9.261288870171924 0.021760299580360964 -20
130.0 9.319769441394838 9.299586882226064 0.02018255916877365 -20
140.0 9.350150583653942 9.33199768696664 0.0181528966873028 -20
150.0 9.376826735169697 9.363102011223486 0.01372472394621127 -20
160.0 9.402909846721819 9.385005518524922 0.017904328196896913 -20
170.0 9.429840024305477 9.409023638733478 0.020816385571999163 -20
180.0 9.451467288264434 9.42863494037469 0.022832347889742977 -20
190.0 9.474609909930257 9.452051931250043 0.022557978680213253 -20
200.0 9.497298948047101 9.472206911318397 0.025092036728704414 -20
210.0 9.51865052070493 9.490902729524027 0.027747791180903647 -20
220.0 9.53795408766377 9.508380873334772 0.029573214328998176 -20
230.0 9.557106123354597 9.524191841255282 0.03291428209931446 -20
240.0 9.573593154773679 9.535899011596795 0.0376941431768838 -20
250.0 9.591194628284759 9.550241876696125 0.04095275158863387 -20
260.0 9.600134549807088 9.560550902491684 0.039583647315403425 -20
270.0 9.612198384640587 9.574742865861637 0.03745551877895004 -20
280.0 9.621609815747727 9.585446898744797 0.03616291700292962 -20
290.0 9.632954242455362 9.597521514101107 0.03543272835425526 -20
300.0 9.641567395279244 9.605485391223036 0.036082004056208206 -20
310.0 9.652606514923148 9.615758118948241 0.03684839597490708 -20
320.0 9.660662188974891 9.620558722099268 0.04010346687562283 -20
330.0 9.670888717624244 9.63025855690294 0.040630160721304875 -20
340.0 9.67885865445474 9.639153775191323 0.03970487926341626 -20
350.0 9.690094070875327 9.651106013547697 0.03898805732763044 -20
360.0 9.696728583524605 9.659651202352421 0.03707738117218362 -20
370.0 9.704704323976559 9.666047191458308 0.0386571325182512 -20
380.0 9.709297527938174 9.671065344520256 0.03823218341791801 -20
390.0 9.716943226261535 9.681400279394516 0.03554294686701809 -20
400.0 9.719421203937822 9.68480764400439 0.034613559933431404 -20
410.0 9.724723249799752 9.69217987967382 0.032543370125932114 -20
420.0 9.726359004947492 9.694437674979442 0.03192132996804986 -20
430.0 9.728274923955846 9.698517582051931 0.02975734190391499 -20
440.0 9.725988228560341 9.699628913472027 0.026359315088313906 -20
450.0 9.727867231257065 9.703927736478485 0.023939494778579373 -20
460.0 9.727264584583242 9.707788195933126 0.019476388650115695 -20
470.0 9.732851050204083 9.713457601545162 0.019393448658920676 -20
480.0 9.731203814209236 9.712274674674042 0.01892913953519404 -20
490.0 9.736048145588272 9.716819195118662 0.019228950469610595 -20
500.0 9.734961411087369 9.716336467108428 0.018624943978940323 -20
0.0 2.6827988564566776 2.571312397645847 0.11148645881083041 0
10.0 6.369584610489235 6.093145715897167 0.2764388945920677 0
20.0 7.616245450112083 7.257381517894935 0.3588639322171483 0
30.0 8.08627202136082 7.685390279423764 0.40088174193705584 0
40.0 8.417959669639849 7.990397849113903 0.4275618205259457 0
50.0 8.63140400597223 8.182969060640945 0.4484349453312859 0
60.0 8.798192571561373 8.337378129014725 0.4608144425466474 0
70.0 8.924655798760984 8.458059956534077 0.46659584222690675 0
80.0 9.02863656078788 8.563004799725451 0.4656317610624292 0
90.0 9.114125226108847 8.657348562815695 0.4567766632931516 0
100.0 9.183083356664444 8.743869092216693 0.4392142644477506 0
110.0 9.242682832662403 8.819643878145293 0.4230389545171107 0
120.0 9.291398182831788 8.897587385313722 0.393810797518066 0
130.0 9.334220600399183 8.970904582135123 0.3633160182640598 0
140.0 9.369179762177549 9.039793970047334 0.32938579213021413 0
150.0 9.401367660825079 9.10338204927682 0.297985611548258 0
160.0 9.427670899158976 9.16229912526183 0.2653717738971455 0
170.0 9.45096754315652 9.214456177157038 0.23651136599948153 0
180.0 9.47088929256981 9.260976944884838 0.20991234768497158 0
190.0 9.492876224411559 9.304495457027734 0.18838076738382448 0
200.0 9.512141110588791 9.342459741034272 0.16968136955451918 0
210.0 9.53174509222545 9.378339430811216 0.15340566141423295 0
220.0 9.54761234608197 9.412803650816603 0.13480869526536665 0
230.0 9.560469411238937 9.443314647420488 0.11715476381844958 0
240.0 9.573409635304285 9.470093691844626 0.10331594345965911 0
250.0 9.585478474945708 9.49275776365414 0.09272071129156778 0
260.0 9.59747471521519 9.514723295948395 0.08275141926679552 0
270.0 9.608627588417107 9.536063761567158 0.07256382684994911 0
280.0 9.61869115521143 9.556750074009619 0.06194108120181063 0
290.0 9.630992322283733 9.576672381846958 0.05431994043677513 0
300.0 9.638414243568228 9.594079163747947 0.0443350798202804 0
310.0 9.643287013053783 9.609383052008171 0.03390396104561155 0
320.0 9.647806699281 9.621655927752498 0.02615077152850276 0
330.0 9.655753460067295 9.633869010918515 0.021884449148780405 0
340.0 9.662823716499387 9.643553727024448 0.019269989474938853 0
350.0 9.66938852520832 9.65418069933645 0.015207825871868863 0
360.0 9.673044310627942 9.662341469937665 0.010702840690276716 0
370.0 9.683141962939601 9.672358913395506 0.010783049544095036 0
380.0 9.68917952577947 9.680575519550013 0.008604006229457895 0
390.0 9.698804161957936 9.690802036840246 0.008002125117689829 0
400.0 9.700948307188396 9.694852582955484 0.006095724232912048 0
410.0 9.707901879315779 9.704622526676479 0.003279352639300015 0
420.0 9.711633177960662 9.710538276901726 0.0010949010589360597 0
430.0 9.716287615789692 9.718583110235006 -0.0022954944453132953 0
440.0 9.718466335689415 9.720764636164848 -0.0022983004754326686 0
450.0 9.720451376720625 9.724599531077699 -0.004148154357073608 0
460.0 9.721726812224665 9.7242165758765 -0.0024897636518357302 0
470.0 9.724564702283407 9.729182084501513 -0.004617382218105703 0
480.0 9.722061879810758 9.726934834789658 -0.004872954978900168 0
490.0 9.724145824771053 9.72798919006231 -0.0038433652912566174 0
500.0 9.723718197619005 9.7253955166333 -0.001677319014294909 0
0.0 2.974125144209205 2.85124393623852 0.12288120797068514 20
10.0 6.19993697323278 5.939370671909509 0.2605663013232711 20
20.0 7.454515816637137 7.089569092722789 0.3649467239143487 20
30.0 7.928325937728207 7.506736293175155 0.4215896445530518 20
40.0 8.263015857586126 7.791154825617955 0.47186103196817086 20
50.0 8.478163006196676 7.982534445647113 0.4956285605495623 20
60.0 8.63793015931339 8.137669837854343 0.5002603214590469 20
70.0 8.764639806218982 8.257527966413495 0.5071118398054875 20
80.0 8.863798936516918 8.359921451517048 0.5038774849998706 20
90.0 8.955115270655272 8.447592363235731 0.5075229074195402 20
100.0 9.026100574479765 8.526137031632857 0.499963542846908 20
110.0 9.090972817855608 8.608063204725703 0.4829096131299053 20
120.0 9.143423674636628 8.679853243427049 0.46357043120957897 20
130.0 9.18950295947638 8.746967853976418 0.442535105499962 20
140.0 9.224698796294804 8.8098201677429 0.4148786285519037 20
150.0 9.266782791750773 8.873025863387339 0.3937569283634339 20
160.0 9.29894203884198 8.929523438533252 0.36941860030872853 20
170.0 9.333613159818212 8.987678681151387 0.34593447866682503 20
180.0 9.361718017308059 9.036712727633041 0.3250052896750173 20
190.0 9.392662983646513 9.088193941697217 0.3044690419492966 20
200.0 9.420092135725717 9.132569207661941 0.2875229280637761 20
210.0 9.444867561495839 9.178018839249823 0.2668487222460154 20
220.0 9.466487851260418 9.219474416750096 0.24701343451032187 20
230.0 9.48882317212878 9.258069407522207 0.2307537646065736 20
240.0 9.50294561195317 9.29045758806476 0.21248802388840993 20
250.0 9.51915662879993 9.32037030523117 0.19878632356875947 20
260.0 9.531387724008843 9.349232917056836 0.18215480695200625 20
270.0 9.547154150787625 9.37840852944748 0.16874562134014504 20
280.0 9.559333751974052 9.40468870325267 0.15464504872138107 20
290.0 9.5730380636466 9.429573124376287 0.1434649392703129 20
300.0 9.58382570376803 9.450742069373545 0.13308363439448456 20
310.0 9.596981085572121 9.470796966656735 0.12618411891538628 20
320.0 9.60508718724306 9.489266404393575 0.11582078284948416 20
330.0 9.612119409226798 9.507755579230286 0.10436382999651173 20
340.0 9.617489678554435 9.52389453074571 0.09359514780872402 20
350.0 9.625006856882328 9.540965648944953 0.0840412079373749 20
360.0 9.62987272151359 9.551812475353012 0.07806024616057883 20
370.0 9.637042162596133 9.566095774241102 0.07094638835503098 20
380.0 9.641548905698876 9.57465347847568 0.06689542722319608 20
390.0 9.65078309950552 9.587211726806373 0.06357137269914759 20
400.0 9.654471047146444 9.59805084604164 0.056420201104804946 20
410.0 9.660773807977275 9.613907709437408 0.04686609853986745 20
420.0 9.667843359850064 9.627635737039764 0.04020762281029988 20
430.0 9.676470092754098 9.641506031178512 0.03496406157558596 20
440.0 9.683835948041981 9.648882516815753 0.03495343122622785 20
450.0 9.689530183356084 9.661148086784639 0.028382096571444748 20
460.0 9.692024033115842 9.666337580339297 0.025686452776545465 20
470.0 9.697427500059808 9.67612257547946 0.021304924580347162 20
480.0 9.699101316011323 9.68178766441046 0.017313651600861846 20
490.0 9.703076506568456 9.687747302324142 0.015329204244313388 20
500.0 9.70126314222247 9.691205714146104 0.010057428076365227 20
0.0 3.0698355646185256 2.9260111806293456 0.14382438398917996 30
10.0 6.317675160239102 6.161481531725284 0.1561936285138188 30
20.0 7.479797349956393 7.233053919172936 0.24674343078345728 30
30.0 7.9443267589758735 7.586500602271969 0.3578261567039043 30
40.0 8.263054946707818 7.7997016340053165 0.4633533127025018 30
50.0 8.475829913228585 7.926072480145404 0.5497574330831814 30
60.0 8.640828326867807 8.025953927988194 0.6148743988796124 30
70.0 8.775318195662296 8.11366849919318 0.6616496964691159 30
80.0 8.88173662187457 8.20301930470251 0.67871731717206 30
90.0 8.971549792545773 8.29020872635274 0.681341066193033 30
100.0 9.046095506200647 8.370601933649388 0.6754935725512592 30
110.0 9.113613964378903 8.460537159439982 0.6530768049389213 30
120.0 9.17231729005995 8.556438386922368 0.6158789031375829 30
130.0 9.223835063512846 8.662708709146184 0.561126354366662 30
140.0 9.266048147832425 8.777006438249769 0.489041709582656 30
150.0 9.30707637317078 8.888617762004548 0.4184586111662316 30
160.0 9.340615905247784 8.990228179043427 0.35038772620435665 30
170.0 9.36862132596397 9.077057478607788 0.2915638473561817 30
180.0 9.393695458620721 9.151795507242442 0.24189995137827935 30
190.0 9.422021470368065 9.214297723700003 0.20772374666806215 30
200.0 9.445616692868724 9.262947073688904 0.18266961917981916 30
210.0 9.467741997412343 9.306467971169631 0.1612740262427117 30
220.0 9.484660958810752 9.339722732208966 0.144938226601786 30
230.0 9.501129305745144 9.366815911140996 0.13431339460414726 30
240.0 9.51464899879006 9.38844069383871 0.1262083049513496 30
250.0 9.528511655070858 9.408425039700871 0.12008661536998666 30
260.0 9.538502422426097 9.424663042776665 0.11383937964943236 30
270.0 9.552918093687385 9.444638859930054 0.10827923375733128 30
280.0 9.566895508862512 9.464078126608694 0.10281738225381787 30
290.0 9.576355406908517 9.480640508034032 0.09571489887448514 30
300.0 9.587691096075297 9.495714107149317 0.09197698892598005 30
310.0 9.596207951262638 9.507549902927746 0.08865804833489221 30
320.0 9.60360870309637 9.520087271731128 0.08352143136524148 30
330.0 9.61368010629666 9.533617235211963 0.08006287108469756 30
340.0 9.620343791254111 9.544120871449696 0.07622291980441531 30
350.0 9.625419460034905 9.557183088375544 0.0682363716593617 30
360.0 9.630166157841474 9.568246098806618 0.06192005903485587 30
370.0 9.636520316962773 9.578399288580364 0.05812102838240918 30
380.0 9.641164612317665 9.58387313478323 0.05729147753443442 30
390.0 9.647956906731476 9.591708006735667 0.05624889999580951 30
400.0 9.652451959188918 9.597277432303047 0.05517452688587099 30
410.0 9.65766435577693 9.604075109834582 0.05358924594234793 30
420.0 9.657292294137303 9.610064812016489 0.047227482120813846 30
430.0 9.660673975275229 9.61847041209369 0.042203563181539394 30
440.0 9.66203991638898 9.620364170800993 0.04167574558798748 30
450.0 9.664395302132744 9.62700301266261 0.03739228947013373 30
460.0 9.661989942231296 9.627430856565773 0.03455908566552246 30
470.0 9.6661910624507 9.634658558294012 0.03153250415668829 30
480.0 9.664378960025985 9.637911443197327 0.026467516828658333 30
490.0 9.664876674254593 9.646670825515194 0.01820584873939879 30
500.0 9.665528924240474 9.650230494391712 0.015298429848762396 30
0.0 4.363193193462957 4.2924037402050725 0.0707894532578841 50
10.0 5.763806462331745 5.642177071045129 0.12162939128661598 50
20.0 7.165490392030816 6.992941975575312 0.17254841645550378 50
30.0 7.731456988137959 7.528167882898847 0.20328910523911148 50
40.0 8.297746544692306 8.06375446934449 0.23399207534781574 50
50.0 8.501637304401605 8.263871166268355 0.23776613813324943 50
60.0 8.705669061013829 8.464154602575668 0.24151445843816077 50
70.0 8.826596752235472 8.58838292213844 0.2382138300970329 50
80.0 8.94764833398267 8.712763982895371 0.23488435108729888 50
90.0 9.028101519667649 8.799323012647564 0.22877850702008473 50
100.0 9.108656686796282 8.886015433071742 0.22264125372453947 50
110.0 9.155681052020885 8.938556306857508 0.21712474516337643 50
120.0 9.20277475039155 8.991196476775961 0.21157827361558823 50
130.0 9.251575296678988 9.051557032768342 0.20001826391064625 50
140.0 9.300451786959622 9.112009461666426 0.18844232529319527 50
150.0 9.325135597136779 9.151544292700288 0.1735913044364903 50
160.0 9.349871293375333 9.19115602532563 0.15871526804970237 50
170.0 9.384503373372096 9.238407330962053 0.14609604241004348 50
180.0 9.419185291305391 9.285726657734836 0.1334586335705552 50
190.0 9.438668424960616 9.311799832171669 0.1268685927889468 50
200.0 9.458206392282369 9.337930235787608 0.12027615649476076 50
210.0 9.486051409897588 9.372751738727553 0.1132996711700347 50
220.0 9.513949717361422 9.40765441553275 0.10629530182867164 50
230.0 9.527756500194538 9.427680187470179 0.1000763127243598 50
240.0 9.541611599951823 9.447780492517863 0.09383110743396017 50
250.0 9.564522812087008 9.473467449377681 0.09105536270932646 50
260.0 9.58748648724054 9.499217365689068 0.08826912155147149 50
270.0 9.59657025933812 9.513208483502726 0.08336177583539417 50
280.0 9.605709681001233 9.527259214708662 0.07845046629257091 50
290.0 9.623107573507319 9.544830523141849 0.07827705036546995 50
300.0 9.640553159430352 9.56245473738263 0.07809842204772188 50
310.0 9.643951919457947 9.567612382171296 0.07633953728665155 50
320.0 9.647391883677933 9.572817190602612 0.07457469307532172 50
330.0 9.65891833005651 9.58549708737312 0.07342124268338956 50
340.0 9.670504191129384 9.598238096458331 0.07226609467105227 50
350.0 9.671022300945157 9.599733249401629 0.07128905154352871 50
360.0 9.67158666323138 9.601277646445459 0.07030901678592194 50
370.0 9.677353823511334 9.609988363777987 0.06736545973334707 50
380.0 9.683172769944989 9.618745978565395 0.06442679137959395 50
390.0 9.679334567687226 9.617285166520155 0.06204940116707114 50
400.0 9.675552569207195 9.615876761643266 0.059675807563928984 50
410.0 9.677878614573096 9.62029292014305 0.057585694430045464 50
420.0 9.680254442483454 9.624761861716081 0.055492580767372957 50
430.0 9.676131800814588 9.621907349119324 0.05422445169526391 50
440.0 9.672066046674736 9.619110911548301 0.05295513512643524 50
450.0 9.675231753402594 9.62272167383675 0.052510079565843526 50
460.0 9.678459833621245 9.626391637711865 0.05206819590937961 50
470.0 9.676576670900578 9.625120194456123 0.05145647644445539 50
480.0 9.67474037981459 9.623902707527261 0.05083767228732938 50
490.0 9.678393221368005 9.62817038364135 0.050222837726654035 50
500.0 9.682086512803664 9.632478948140283 0.0496075646633809 50
